3 0.337248322147651 0.07363420427553444 0.39932885906040266 0.019002375296912115
3 0.5260067114093959 0.10510688836104513 0.7969798657718121 0.0344418052256532
3 0.13590604026845637 0.13657957244655583 0.087248322147651 0.019002375296912115
3 0.3296979865771812 0.13598574821852732 0.22651006711409397 0.020190023752969122
3 0.6971476510067114 0.13598574821852732 0.45805369127516776 0.020190023752969122
3 0.22231543624161074 0.15617577197149643 0.25671140939597314 0.015439429928741092
3 0.3901006711409396 0.15498812351543942 0.028523489932885907 0.017814726840855107
3 0.5662751677852349 0.15558194774346792 0.2533557046979866 0.0166270783847981
3 0.1401006711409396 0.17517814726840855 0.09899328859060402 0.017814726840855107
3 0.3145973154362416 0.17458432304038005 0.04194630872483222 0.019002375296912115
3 0.5008389261744967 0.17517814726840855 0.10906040268456375 0.017814726840855107
3 0.8137583892617449 0.17458432304038005 0.22483221476510068 0.019002375296912115
3 0.19043624161073824 0.19418052256532067 0.19966442953020133 0.017814726840855107
3 0.4865771812080537 0.20961995249406176 0.7986577181208053 0.010688836104513063
3 0.9110738255033557 0.20902612826603326 0.02348993288590604 0.009501187648456057
3 0.514261744966443 0.22327790973871733 0.8171140939597316 0.011876484560570071
3 0.11325503355704698 0.23812351543942992 0.04530201342281879 0.010688836104513063
3 0.2961409395973154 0.2375296912114014 0.09563758389261745 0.014251781472684086
3 0.5511744966442953 0.23812351543942992 0.11912751677852348 0.015439429928741092
3 0.8322147651006712 0.23931116389548693 0.18456375838926176 0.015439429928741092
3 0.28942953020134227 0.25534441805225655 0.39429530201342283 0.014251781472684086
1 0.24328859060402686 0.17517814726840855 0.09731543624161074 0.017814726840855107
1 0.3901006711409396 0.17755344418052257 0.10906040268456375 0.020190023752969122
1 0.6317114093959731 0.17814726840855108 0.13590604026845637 0.0166270783847981
1 0.7701342281879194 0.15855106888361045 0.13758389261744966 0.015439429928741092
1 0.19379194630872484 0.23871733966745842 0.10570469798657718 0.0166270783847981
1 0.41359060402684567 0.24049881235154394 0.1325503355704698 0.013064133016627079
1 0.674496644295302 0.24049881235154394 0.1174496644295302 0.015439429928741092
0 0.125 0.07600950118764846 0.028523489932885907 0.0166270783847981
0 0.08473154362416108 0.13539192399049882 0.02181208053691275 0.0166270783847981
0 0.20385906040268456 0.13717339667458434 0.025167785234899327 0.017814726840855107
0 0.4563758389261745 0.13657957244655583 0.02348993288590604 0.019002375296912115
0 0.3674496644295302 0.15676959619952494 0.02348993288590604 0.0166270783847981
0 0.4261744966442953 0.15617577197149643 0.026845637583892617 0.017814726840855107
0 0.10067114093959731 0.22446555819477435 0.013422818791946308 0.009501187648456057
0 0.8934563758389261 0.21021377672209027 0.01174496644295302 0.011876484560570071