3 0.2684563758389262 0.07125890736342043 0.38926174496644295 0.026128266033254157
3 0.313758389261745 0.11104513064133016 0.4429530201342282 0.010688836104513063
3 0.6098993288590604 0.11282660332541568 0.04194630872483222 0.011876484560570071
1 0.5612416107382551 0.11282660332541568 0.04530201342281879 0.0166270783847981
3 0.41023489932885904 0.09679334916864608 0.6258389261744967 0.017814726840855107
3 0.33808724832214765 0.12707838479809977 0.4815436241610738 0.014251781472684086
3 0.5075503355704698 0.1514251781472684 0.8305369127516778 0.027315914489311165
3 0.38422818791946306 0.17517814726840855 0.5771812080536913 0.017814726840855107
3 0.5083892617449665 0.1989311163895487 0.8288590604026845 0.02494061757719715
3 0.1761744966442953 0.22446555819477435 0.1644295302013423 0.0166270783847981
3 0.2609060402684564 0.24049881235154394 0.337248322147651 0.010688836104513063
3 0.5075503355704698 0.25475059382422804 0.8271812080536913 0.015439429928741092
3 0.5125838926174496 0.28741092636579574 0.8406040268456376 0.04275534441805225
3 0.18624161073825504 0.3176959619952494 0.17785234899328858 0.015439429928741092
3 0.3959731543624161 0.3343230403800475 0.6006711409395973 0.010688836104513063
3 0.32550335570469796 0.3497624703087886 0.4161073825503356 0.017814726840855107
3 0.40268456375838924 0.3693586698337292 0.5805369127516778 0.011876484560570071
3 0.5922818791946308 0.3503562945368171 0.05704697986577181 0.0166270783847981
3 0.6736577181208053 0.3509501187648456 0.05536912751677853 0.020190023752969122
3 0.7835570469798657 0.3491686460807601 0.11409395973154363 0.019002375296912115
3 0.8909395973154363 0.3503562945368171 0.04697986577181208 0.0166270783847981
3 0.7390939597315436 0.37292161520190026 0.06208053691275168 0.011876484560570071
3 0.8154362416107382 0.37351543942992876 0.050335570469798654 0.013064133016627079
3 0.8926174496644296 0.37173396674584325 0.05704697986577181 0.014251781472684086
3 0.1417785234899329 0.3853919239904988 0.05536912751677853 0.010688836104513063
3 0.21644295302013422 0.3859857482185273 0.06040268456375839 0.011876484560570071
3 0.33305369127516776 0.4014251781472684 0.4312080536912752 0.0166270783847981
3 0.6082214765100671 0.4014251781472684 0.04865771812080537 0.0166270783847981
3 0.6854026845637584 0.4014251781472684 0.05201342281879195 0.019002375296912115
3 0.7919463087248322 0.4008313539192399 0.10738255033557047 0.017814726840855107
3 0.9018456375838926 0.4008313539192399 0.05536912751677853 0.015439429928741092
3 0.4001677852348993 0.418646080760095 0.5687919463087249 0.010688836104513063
3 0.738255033557047 0.41983372921615203 0.06040268456375839 0.010688836104513063
3 0.8154362416107382 0.42102137767220904 0.050335570469798654 0.013064133016627079
3 0.8926174496644296 0.42042755344418054 0.06040268456375839 0.011876484560570071
3 0.14261744966442952 0.4340855106888361 0.050335570469798654 0.010688836104513063
3 0.2156040268456376 0.4340855106888361 0.0587248322147651 0.010688836104513063
3 0.22399328859060402 0.4495249406175772 0.21644295302013422 0.017814726840855107
3 0.3901006711409396 0.4495249406175772 0.05201342281879195 0.015439429928741092
3 0.4714765100671141 0.4495249406175772 0.05704697986577181 0.017814726840855107
3 0.5813758389261745 0.4501187648456057 0.11241610738255034 0.019002375296912115
3 0.6879194630872483 0.4483372921615202 0.04697986577181208 0.017814726840855107
3 0.33305369127516776 0.4667458432304038 0.4312080536912752 0.011876484560570071
3 0.5964765100671141 0.4679334916864608 0.06208053691275168 0.009501187648456057
3 0.6703020134228188 0.4679334916864608 0.04865771812080537 0.011876484560570071
3 0.7676174496644296 0.4667458432304038 0.11241610738255034 0.011876484560570071
3 0.8708053691275168 0.4673396674584323 0.05704697986577181 0.00831353919239905
3 0.3951342281879195 0.4821852731591449 0.5587248322147651 0.014251781472684086
3 0.7248322147651006 0.4821852731591449 0.0436241610738255 0.014251781472684086
3 0.8087248322147651 0.4815914489311164 0.053691275167785234 0.017814726840855107
3 0.8942953020134228 0.4839667458432304 0.06711409395973154 0.017814726840855107
3 0.1476510067114094 0.5005938242280285 0.05704697986577181 0.017814726840855107
3 0.2273489932885906 0.5005938242280285 0.04865771812080537 0.015439429928741092
3 0.4974832214765101 0.5184085510688836 0.7701342281879194 0.010688836104513063
3 0.16526845637583892 0.5320665083135392 0.06543624161073826 0.011876484560570071
3 0.23909395973154363 0.5326603325415677 0.04865771812080537 0.010688836104513063
3 0.33640939597315433 0.5326603325415677 0.11577181208053691 0.00831353919239905
3 0.4412751677852349 0.5326603325415677 0.06040268456375839 0.010688836104513063
3 0.5033557046979866 0.5480997624703088 0.7718120805369127 0.017814726840855107
3 0.5184563758389261 0.5724465558194775 0.8120805369127517 0.026128266033254157
3 0.2558724832214765 0.5961995249406176 0.2802013422818792 0.0166270783847981
3 0.5075503355704698 0.6122327790973872 0.7869127516778524 0.013064133016627079
3 0.33640939597315433 0.6294536817102138 0.43791946308724833 0.0166270783847981
3 0.5184563758389261 0.6532066508313539 0.8154362416107382 0.026128266033254157
3 0.4278523489932886 0.6763657957244655 0.6208053691275168 0.017814726840855107
3 0.7936241610738255 0.6763657957244655 0.05704697986577181 0.017814726840855107
3 0.8699664429530202 0.6775534441805225 0.05201342281879195 0.017814726840855107
3 0.1761744966442953 0.6947743467933492 0.1174496644295302 0.019002375296912115
3 0.28859060402684567 0.6953681710213777 0.053691275167785234 0.015439429928741092
3 0.5201342281879194 0.7119952494061758 0.8154362416107382 0.010688836104513063
3 0.17953020134228187 0.7268408551068883 0.1342281879194631 0.011876484560570071
3 0.2953020134228188 0.7268408551068883 0.06040268456375839 0.011876484560570071
3 0.3674496644295302 0.7280285035629454 0.04697986577181208 0.011876484560570071
3 0.46560402684563756 0.7268408551068883 0.11577181208053691 0.011876484560570071
3 0.5696308724832215 0.7286223277909739 0.0587248322147651 0.013064133016627079
3 0.2953020134228188 0.7416864608076009 0.3959731543624161 0.015439429928741092
3 0.4966442953020134 0.7589073634204275 0.7986577181208053 0.014251781472684086
3 0.28859060402684567 0.7761282660332541 0.3422818791946309 0.015439429928741092
3 0.473993288590604 0.7921615201900237 0.7197986577181208 0.011876484560570071
3 0.3775167785234899 0.8070071258907363 0.5201342281879194 0.017814726840855107
3 0.7315436241610739 0.8087885985748219 0.09395973154362416 0.0166270783847981
3 0.5184563758389261 0.8254156769596199 0.8087248322147651 0.011876484560570071
3 0.23573825503355705 0.838479809976247 0.25671140939597314 0.011876484560570071
3 0.41946308724832215 0.8408551068883611 0.04697986577181208 0.014251781472684086
3 0.17533557046979867 0.8562945368171021 0.11577181208053691 0.0166270783847981
3 0.3179530201342282 0.8557007125890737 0.07550335570469799 0.013064133016627079
3 0.37919463087248323 0.8723277909738717 0.5268456375838926 0.013064133016627079
3 0.7114093959731543 0.8729216152019003 0.0436241610738255 0.014251781472684086
3 0.4261744966442953 0.8883610451306413 0.6610738255033557 0.0166270783847981
3 0.511744966442953 0.9133016627078385 0.8355704697986577 0.026128266033254157
0 0.08389261744966443 0.09619952494061758 0.026845637583892617 0.019002375296912115
0 0.08473154362416108 0.12885985748218529 0.028523489932885907 0.017814726840855107
0 0.08473154362416108 0.17517814726840855 0.02181208053691275 0.017814726840855107
0 0.08389261744966443 0.22268408551068883 0.026845637583892617 0.017814726840855107
0 0.08557046979865772 0.25653206650831356 0.026845637583892617 0.019002375296912115
0 0.08473154362416108 0.3176959619952494 0.025167785234899327 0.017814726840855107
0 0.10570469798657718 0.3497624703087886 0.02348993288590604 0.017814726840855107
0 0.5553691275167785 0.3515439429928741 0.026845637583892617 0.0166270783847981
0 0.6333892617449665 0.3515439429928741 0.02181208053691275 0.019002375296912115
0 0.7139261744966443 0.3515439429928741 0.02181208053691275 0.0166270783847981
0 0.8557046979865772 0.3503562945368171 0.02348993288590604 0.019002375296912115
0 0.7021812080536913 0.36995249406175773 0.01174496644295302 0.010688836104513063
0 0.7802013422818792 0.37054631828978624 0.016778523489932886 0.011876484560570071
0 0.8506711409395973 0.37173396674584325 0.013422818791946308 0.011876484560570071
0 0.8649328859060402 0.4008313539192399 0.025167785234899327 0.015439429928741092
0 0.7256711409395973 0.4008313539192399 0.028523489932885907 0.017814726840855107
0 0.6484899328859061 0.4008313539192399 0.025167785234899327 0.020190023752969122
0 0.5713087248322147 0.4014251781472684 0.02181208053691275 0.019002375296912115
0 0.6971476510067114 0.42042755344418054 0.015100671140939598 0.009501187648456057
0 0.7818791946308725 0.42161520190023755 0.013422818791946308 0.011876484560570071
0 0.8498322147651006 0.42102137767220904 0.015100671140939598 0.010688836104513063
0 0.3523489932885906 0.4501187648456057 0.02348993288590604 0.0166270783847981
0 0.10486577181208054 0.40320665083135393 0.025167785234899327 0.017814726840855107
0 0.10318791946308725 0.4495249406175772 0.025167785234899327 0.015439429928741092
0 0.1040268456375839 0.4827790973871734 0.026845637583892617 0.015439429928741092
0 0.4337248322147651 0.4501187648456057 0.02181208053691275 0.0166270783847981
0 0.5125838926174496 0.4495249406175772 0.02181208053691275 0.017814726840855107
0 0.6552013422818792 0.4501187648456057 0.02181208053691275 0.0166270783847981
0 0.17869127516778524 0.4352731591448931 0.01174496644295302 0.013064133016627079
0 0.18959731543624161 0.501187648456057 0.02348993288590604 0.019002375296912115
0 0.6929530201342282 0.4827790973871734 0.02348993288590604 0.015439429928741092
0 0.7726510067114094 0.4839667458432304 0.02181208053691275 0.017814726840855107
0 0.8506711409395973 0.4845605700712589 0.02348993288590604 0.019002375296912115
0 0.1266778523489933 0.5326603325415677 0.01174496644295302 0.010688836104513063
0 0.2063758389261745 0.5332541567695962 0.013422818791946308 0.011876484560570071
0 0.27181208053691275 0.5332541567695962 0.010067114093959731 0.011876484560570071
0 0.40184563758389263 0.5326603325415677 0.01174496644295302 0.013064133016627079
0 0.1040268456375839 0.5480997624703088 0.026845637583892617 0.015439429928741092
0 0.10318791946308725 0.5967933491686461 0.028523489932885907 0.017814726840855107
0 0.10318791946308725 0.6294536817102138 0.025167785234899327 0.019002375296912115
0 0.1040268456375839 0.6763657957244655 0.026845637583892617 0.017814726840855107
0 0.25083892617449666 0.6953681710213777 0.028523489932885907 0.015439429928741092
0 0.7541946308724832 0.6763657957244655 0.02181208053691275 0.020190023752969122
0 0.8330536912751678 0.6775534441805225 0.02181208053691275 0.020190023752969122
0 0.9110738255033557 0.6781472684085511 0.02348993288590604 0.021377672209026127
0 0.25671140939597314 0.7286223277909739 0.010067114093959731 0.010688836104513063
0 0.3347315436241611 0.7286223277909739 0.01174496644295302 0.010688836104513063
0 0.39932885906040266 0.7268408551068883 0.016778523489932886 0.009501187648456057
0 0.5293624161073825 0.7268408551068883 0.01174496644295302 0.011876484560570071
0 0.08389261744966443 0.7434679334916865 0.026845637583892617 0.0166270783847981
0 0.10486577181208054 0.7767220902612827 0.02181208053691275 0.0166270783847981
0 0.10486577181208054 0.8087885985748219 0.025167785234899327 0.019002375296912115
0 0.10486577181208054 0.8562945368171021 0.02181208053691275 0.014251781472684086
0 0.08389261744966443 0.8895486935866983 0.02348993288590604 0.019002375296912115
1 0.6669463087248322 0.8735154394299287 0.04530201342281879 0.015439429928741092
1 0.2575503355704698 0.8568883610451307 0.04194630872483222 0.015439429928741092
1 0.37919463087248323 0.8408551068883611 0.02348993288590604 0.0166270783847981
1 0.6593959731543624 0.8093824228028503 0.04697986577181208 0.017814726840855107