3 0.6082214765100671 0.07066508313539192 0.2600671140939597 0.048693586698337295
3 0.11241610738255034 0.15914489311163896 0.1040268456375839 0.030878859857482184
3 0.11241610738255034 0.19239904988123516 0.1040268456375839 0.030878859857482184
3 0.2080536912751678 0.22505938242280285 0.2953020134228188 0.029691211401425176
3 0.5922818791946308 0.22387173396674584 0.05704697986577181 0.032066508313539195
3 0.6434563758389261 0.25771971496437057 0.16275167785234898 0.0332541567695962
3 0.6090604026845637 0.29038004750593827 0.09060402684563758 0.029691211401425176
3 0.19463087248322147 0.2583135391923991 0.26174496644295303 0.029691211401425176
3 0.11493288590604027 0.29097387173396677 0.10234899328859061 0.0332541567695962
3 0.5469798657718121 0.3165083135391924 0.39932885906040266 0.015439429928741092
3 0.5553691275167785 0.34382422802850354 0.41946308724832215 0.0344418052256532
3 0.4052013422818792 0.3842042755344418 0.12248322147651007 0.022565320665083134
3 0.43288590604026844 0.43824228028503565 0.17785234899328858 0.014251781472684086
3 0.19630872483221476 0.3859857482185273 0.2080536912751678 0.03800475059382423
3 0.19630872483221476 0.44061757719714967 0.23154362416107382 0.05938242280285035
3 0.10738255033557047 0.10926365795724466 0.08389261744966443 0.014251781472684086
3 0.19630872483221476 0.10926365795724466 0.04697986577181208 0.014251781472684086
3 0.30453020134228187 0.10926365795724466 0.12919463087248323 0.014251781472684086
3 0.23825503355704697 0.12589073634204276 0.13087248322147652 0.0166270783847981
3 0.6015100671140939 0.10926365795724466 0.06208053691275168 0.011876484560570071
3 0.6820469798657718 0.10866983372921615 0.05536912751677853 0.013064133016627079
3 0.8380872483221476 0.11104513064133016 0.2063758389261745 0.015439429928741092
3 0.7726510067114094 0.12529691211401425 0.2332214765100671 0.013064133016627079
3 0.3338926174496644 0.5154394299287411 0.540268456375839 0.0332541567695962
3 0.20721476510067113 0.5480997624703088 0.28691275167785235 0.029691211401425176
3 0.1644295302013423 0.58729216152019 0.20469798657718122 0.032066508313539195
3 0.5956375838926175 0.58729216152019 0.07718120805369127 0.029691211401425176
3 0.6057046979865772 0.6199524940617577 0.10067114093959731 0.030878859857482184
3 0.20134228187919462 0.6199524940617577 0.2751677852348993 0.030878859857482184
3 0.2676174496644295 0.6532066508313539 0.4077181208053691 0.030878859857482184
3 0.1266778523489933 0.6870546318289786 0.12919463087248323 0.029691211401425176
3 0.27768456375838924 0.754750593824228 0.4278523489932886 0.03681710213776722
3 0.915268456375839 0.7565320665083135 0.08221476510067115 0.0332541567695962
3 0.9119127516778524 0.7897862232779097 0.08557046979865772 0.028503562945368172
3 0.9135906040268457 0.8218527315914489 0.08892617449664429 0.030878859857482184
3 0.10234899328859061 0.7891923990498813 0.0738255033557047 0.029691211401425176
3 0.12835570469798657 0.8218527315914489 0.12919463087248323 0.030878859857482184
3 0.11912751677852348 0.8551068883610451 0.11409395973154363 0.028503562945368172
3 0.15855704697986578 0.8865795724465558 0.18959731543624161 0.032066508313539195
3 0.1266778523489933 0.921021377672209 0.12583892617449666 0.032066508313539195
3 0.6451342281879194 0.8545130641330166 0.16946308724832215 0.032066508313539195
3 0.662751677852349 0.8871733966745843 0.20134228187919462 0.030878859857482184
3 0.6577181208053692 0.919833729216152 0.1912751677852349 0.032066508313539195
0 0.16275167785234898 0.10926365795724466 0.020134228187919462 0.014251781472684086
0 0.22986577181208054 0.10985748218527316 0.020134228187919462 0.013064133016627079
0 0.16275167785234898 0.12529691211401425 0.020134228187919462 0.015439429928741092
0 0.6468120805369127 0.10985748218527316 0.018456375838926176 0.013064133016627079
0 0.7256711409395973 0.10985748218527316 0.018456375838926176 0.015439429928741092
0 0.6459731543624161 0.12529691211401425 0.020134228187919462 0.015439429928741092