3 0.438758389261745 0.06769596199524941 0.28691275167785235 0.047505938242280284
3 0.4974832214765101 0.10629453681710213 0.5184563758389261 0.02494061757719715
3 0.764261744966443 0.05938242280285035 0.20973154362416108 0.03800475059382423
3 0.2197986577181208 0.13657957244655583 0.26174496644295303 0.023752969121140142
3 0.540268456375839 0.1377672209026128 0.0436241610738255 0.021377672209026127
3 0.7441275167785235 0.13836104513064132 0.3238255033557047 0.017814726840855107
3 0.5016778523489933 0.17517814726840855 0.8221476510067114 0.055819477434679333
3 0.7944630872483222 0.21199524940617578 0.22651006711409397 0.013064133016627079
2 0.50251677852349 0.5005938242280285 0.8271812080536913 0.5570071258907363
3 0.23993288590604026 0.7891923990498813 0.3053691275167785 0.015439429928741092
3 0.1493288590604027 0.8206650831353919 0.11409395973154363 0.026128266033254157
3 0.5939597315436241 0.8206650831353919 0.2953020134228188 0.019002375296912115
3 0.3724832214765101 0.8485748218527316 0.15100671140939598 0.017814726840855107
3 0.3884228187919463 0.8764845605700713 0.12248322147651007 0.021377672209026127
3 0.4823825503355705 0.9204275534441805 0.7835570469798657 0.047505938242280284
3 0.49328859060402686 0.8497624703087886 0.053691275167785234 0.020190023752969122
3 0.6795302013422819 0.8479809976247031 0.0738255033557047 0.023752969121140142
1 0.42449664429530204 0.1330166270783848 0.1342281879194631 0.023752969121140142
0 0.5067114093959731 0.13539192399049882 0.02348993288590604 0.0166270783847981
0 0.5704697986577181 0.13657957244655583 0.020134228187919462 0.0166270783847981