3 0.17701342281879195 0.0997624703087886 0.07885906040268456 0.023752969121140142
3 0.4303691275167785 0.1336104513064133 0.5687919463087249 0.017814726840855107
3 0.8238255033557047 0.1324228028503563 0.040268456375838924 0.017814726840855107
3 0.29446308724832215 0.1543942992874109 0.3070469798657718 0.0166270783847981
3 0.6417785234899329 0.15380047505938244 0.12583892617449666 0.022565320665083134
3 0.8364093959731543 0.15498812351543942 0.015100671140939598 0.017814726840855107
3 0.16023489932885907 0.17755344418052257 0.025167785234899327 0.022565320665083134
3 0.3347315436241611 0.17577197149643706 0.13926174496644295 0.026128266033254157
3 0.5041946308724832 0.24762470308788598 0.7164429530201343 0.11045130641330166
3 0.29446308724832215 0.32066508313539194 0.2936241610738255 0.021377672209026127
3 0.5016778523489933 0.3847980997624703 0.7214765100671141 0.09026128266033254
3 0.5058724832214765 0.45902612826603323 0.7231543624161074 0.04631828978622328
3 0.4035234899328859 0.6609263657957245 0.4546979865771812 0.25534441805225655
1 0.7575503355704698 0.1336104513064133 0.07885906040268456 0.02494061757719715
1 0.5134228187919463 0.15617577197149643 0.11409395973154363 0.022565320665083134
1 0.7651006711409396 0.15617577197149643 0.11073825503355705 0.022565320665083134
1 0.5192953020134228 0.17874109263657958 0.21644295302013422 0.017814726840855107
1 0.2197986577181208 0.17577197149643706 0.087248322147651 0.023752969121140142