3 0.5906040268456376 0.07185273159144893 0.2684563758389262 0.048693586698337295
3 0.10822147651006711 0.10807600950118765 0.08221476510067115 0.014251781472684086
3 0.19463087248322147 0.10807600950118765 0.050335570469798654 0.014251781472684086
3 0.3053691275167785 0.11045130641330166 0.13087248322147652 0.014251781472684086
3 0.23573825503355705 0.12529691211401425 0.1325503355704698 0.013064133016627079
3 0.6006711409395973 0.10807600950118765 0.06040268456375839 0.014251781472684086
3 0.6828859060402684 0.10807600950118765 0.05704697986577181 0.011876484560570071
3 0.8380872483221476 0.10926365795724466 0.2063758389261745 0.014251781472684086
3 0.7743288590604027 0.12589073634204276 0.23657718120805368 0.014251781472684086
3 0.11325503355704698 0.15973871733966746 0.10234899328859061 0.029691211401425176
3 0.11325503355704698 0.19299287410926366 0.10234899328859061 0.029691211401425176
3 0.20889261744966442 0.22505938242280285 0.30033557046979864 0.029691211401425176
3 0.19043624161073824 0.25771971496437057 0.2634228187919463 0.030878859857482184
3 0.1115771812080537 0.2915676959619953 0.10570469798657718 0.032066508313539195
3 0.5931208053691275 0.22446555819477435 0.06208053691275168 0.0332541567695962
3 0.6451342281879194 0.2583135391923991 0.16946308724832215 0.029691211401425176
3 0.7172818791946308 0.29097387173396677 0.08892617449664429 0.030878859857482184
3 0.5478187919463087 0.3153206650831354 0.4110738255033557 0.017814726840855107
3 0.552013422818792 0.34501187648456055 0.412751677852349 0.0344418052256532
3 0.40436241610738255 0.38657957244655583 0.12416107382550336 0.017814726840855107
3 0.4312080536912752 0.43883610451306415 0.17114093959731544 0.013064133016627079
3 0.19546979865771813 0.3847980997624703 0.21644295302013422 0.040380047505938245
3 0.19463087248322147 0.43883610451306415 0.22818791946308725 0.05819477434679335
3 0.4395973154362416 0.5142517814726841 0.7550335570469798 0.0332541567695962
3 0.2407718120805369 0.5480997624703088 0.3573825503355705 0.032066508313539195
3 0.1644295302013423 0.600356294536817 0.20469798657718122 0.032066508313539195
3 0.5922818791946308 0.6181710213776722 0.07718120805369127 0.032066508313539195
3 0.6082214765100671 0.6526128266033254 0.10570469798657718 0.032066508313539195
3 0.20469798657718122 0.6318289786223278 0.28187919463087246 0.030878859857482184
3 0.2651006711409396 0.665083135391924 0.40268456375838924 0.030878859857482184
3 0.125 0.6989311163895487 0.12583892617449666 0.029691211401425176
3 0.2827181208053691 0.754750593824228 0.4446308724832215 0.032066508313539195
3 0.912751677852349 0.7541567695961995 0.08053691275167785 0.0332541567695962
3 0.9093959731543624 0.7885985748218527 0.08053691275167785 0.0332541567695962
3 0.9119127516778524 0.8230403800475059 0.08557046979865772 0.0332541567695962
3 0.09899328859060402 0.7874109263657957 0.08053691275167785 0.030878859857482184
3 0.12416107382550336 0.8212589073634204 0.13087248322147652 0.029691211401425176
3 0.11912751677852348 0.8562945368171021 0.11409395973154363 0.0332541567695962
3 0.1593959731543624 0.8889548693586699 0.20134228187919462 0.029691211401425176
3 0.12583892617449666 0.9239904988123515 0.1342281879194631 0.0332541567695962
3 0.6434563758389261 0.8562945368171021 0.16275167785234898 0.030878859857482184
3 0.662751677852349 0.8883610451306413 0.2080536912751678 0.030878859857482184
3 0.6585570469798657 0.9216152019002375 0.1929530201342282 0.030878859857482184
0 0.16023489932885907 0.10866983372921615 0.018456375838926176 0.015439429928741092
0 0.1610738255033557 0.12648456057007126 0.020134228187919462 0.015439429928741092
0 0.22902684563758388 0.10926365795724466 0.02181208053691275 0.0166270783847981
0 0.6459731543624161 0.10807600950118765 0.016778523489932886 0.014251781472684086
0 0.6459731543624161 0.12470308788598575 0.016778523489932886 0.014251781472684086
0 0.7248322147651006 0.10866983372921615 0.016778523489932886 0.015439429928741092