3 0.26929530201342283 0.07185273159144893 0.39429530201342283 0.017814726840855107
3 0.41191275167785235 0.09560570071258907 0.6291946308724832 0.015439429928741092
3 0.3145973154362416 0.11163895486935867 0.4446308724832215 0.011876484560570071
3 0.610738255033557 0.11163895486935867 0.050335570469798654 0.011876484560570071
3 0.33640939597315433 0.12767220902612827 0.4815436241610738 0.015439429928741092
3 0.5092281879194631 0.15261282660332542 0.837248322147651 0.027315914489311165
3 0.3850671140939597 0.17517814726840855 0.5788590604026845 0.015439429928741092
3 0.5125838926174496 0.1995249406175772 0.8406040268456376 0.026128266033254157
3 0.26174496644295303 0.22980997624703087 0.33221476510067116 0.032066508313539195
3 0.18959731543624161 0.26306413301662707 0.18791946308724833 0.029691211401425176
3 0.39848993288590606 0.29631828978622327 0.6057046979865772 0.029691211401425176
3 0.514261744966443 0.34382422802850354 0.837248322147651 0.05819477434679335
3 0.3959731543624161 0.3913301662707839 0.6006711409395973 0.029691211401425176
3 0.22483221476510068 0.417458432304038 0.2181208053691275 0.017814726840855107
3 0.39177852348993286 0.4168646080760095 0.05536912751677853 0.0166270783847981
3 0.50251677852349 0.417458432304038 0.11241610738255034 0.015439429928741092
3 0.610738255033557 0.416270783847981 0.04697986577181208 0.015439429928741092
3 0.24412751677852348 0.4334916864608076 0.2634228187919463 0.011876484560570071
3 0.4261744966442953 0.4346793349168646 0.06375838926174497 0.009501187648456057
3 0.5327181208053692 0.4358669833729216 0.11241610738255034 0.009501187648456057
3 0.6359060402684564 0.4352731591448931 0.05704697986577181 0.00831353919239905
3 0.24328859060402686 0.4507125890736342 0.2550335570469799 0.015439429928741092
3 0.4312080536912752 0.4507125890736342 0.053691275167785234 0.015439429928741092
3 0.5360738255033557 0.4501187648456057 0.10234899328859061 0.014251781472684086
3 0.6501677852348994 0.4507125890736342 0.04530201342281879 0.015439429928741092
3 0.5109060402684564 0.4685273159144893 0.790268456375839 0.013064133016627079
3 0.14681208053691275 0.4827790973871734 0.06543624161073826 0.010688836104513063
3 0.25419463087248323 0.4821852731591449 0.11241610738255034 0.009501187648456057
3 0.3548657718120805 0.4821852731591449 0.05536912751677853 0.009501187648456057
3 0.174496644295302 0.498812351543943 0.11409395973154363 0.0166270783847981
3 0.28942953020134227 0.4994061757719715 0.05536912751677853 0.017814726840855107
3 0.39429530201342283 0.497624703087886 0.10067114093959731 0.014251781472684086
3 0.5075503355704698 0.497624703087886 0.04865771812080537 0.014251781472684086
3 0.3011744966442953 0.5154394299287411 0.37080536912751677 0.009501187648456057
3 0.537751677852349 0.5172209026128266 0.06208053691275168 0.010688836104513063
3 0.6434563758389261 0.5166270783847982 0.11241610738255034 0.011876484560570071
3 0.7483221476510067 0.5166270783847982 0.06040268456375839 0.011876484560570071
3 0.17281879194630873 0.5320665083135392 0.11409395973154363 0.014251781472684086
3 0.2902684563758389 0.5302850356294537 0.05704697986577181 0.015439429928741092
3 0.4001677852348993 0.5308788598574822 0.11241610738255034 0.0166270783847981
3 0.5083892617449665 0.5308788598574822 0.04697986577181208 0.014251781472684086
3 0.31291946308724833 0.5469121140142518 0.3976510067114094 0.013064133016627079
3 0.5629194630872483 0.5469121140142518 0.06208053691275168 0.010688836104513063
3 0.6686241610738255 0.5486935866983373 0.11577181208053691 0.009501187648456057
3 0.7718120805369127 0.5486935866983373 0.06040268456375839 0.011876484560570071
3 0.22483221476510068 0.5635391923990499 0.21476510067114093 0.015439429928741092
3 0.39093959731543626 0.5647268408551069 0.053691275167785234 0.015439429928741092
3 0.5016778523489933 0.5641330166270784 0.11409395973154363 0.014251781472684086
3 0.610738255033557 0.5635391923990499 0.050335570469798654 0.015439429928741092
3 0.3313758389261745 0.581353919239905 0.4312080536912752 0.010688836104513063
3 0.5964765100671141 0.5807600950118765 0.06543624161073826 0.009501187648456057
3 0.7038590604026845 0.581353919239905 0.11241610738255034 0.010688836104513063
3 0.8070469798657718 0.580166270783848 0.06040268456375839 0.013064133016627079
3 0.3951342281879195 0.5961995249406176 0.5553691275167785 0.014251781472684086
3 0.7323825503355704 0.5973871733966746 0.05536912751677853 0.014251781472684086
3 0.8406040268456376 0.5961995249406176 0.11409395973154363 0.014251781472684086
3 0.14848993288590603 0.6152019002375297 0.05201342281879195 0.014251781472684086
3 0.4974832214765101 0.6336104513064132 0.7768456375838926 0.010688836104513063
3 0.16610738255033558 0.6472684085510689 0.06375838926174497 0.009501187648456057
3 0.27181208053691275 0.6472684085510689 0.11409395973154363 0.011876484560570071
3 0.3775167785234899 0.6472684085510689 0.06375838926174497 0.009501187648456057
3 0.42449664429530204 0.6633016627078385 0.6140939597315436 0.015439429928741092
3 0.7894295302013423 0.663895486935867 0.04865771812080537 0.0166270783847981
3 0.8817114093959731 0.66270783847981 0.07885906040268456 0.0166270783847981
3 0.13506711409395974 0.6817102137767221 0.03523489932885906 0.014251781472684086
3 0.20553691275167785 0.6817102137767221 0.04865771812080537 0.014251781472684086
3 0.5176174496644296 0.6983372921615202 0.8104026845637584 0.011876484560570071
3 0.17869127516778524 0.7131828978622328 0.12919463087248323 0.010688836104513063
3 0.29446308724832215 0.7137767220902613 0.06208053691275168 0.011876484560570071
3 0.40268456375838924 0.7155581947743468 0.11409395973154363 0.010688836104513063
3 0.5058724832214765 0.7149643705463183 0.06543624161073826 0.011876484560570071
3 0.2550335570469799 0.7298099762470309 0.2785234899328859 0.015439429928741092
3 0.5092281879194631 0.745249406175772 0.7936241610738255 0.013064133016627079
3 0.2961409395973154 0.7618764845605701 0.3976510067114094 0.015439429928741092
3 0.4983221476510067 0.7790973871733967 0.7986577181208053 0.011876484560570071
3 0.2860738255033557 0.7951306413301663 0.337248322147651 0.015439429928741092
3 0.4748322147651007 0.8123515439429929 0.7214765100671141 0.011876484560570071
3 0.3783557046979866 0.8283847980997625 0.5218120805369127 0.015439429928741092
3 0.7348993288590604 0.8283847980997625 0.10067114093959731 0.015439429928741092
3 0.5218120805369127 0.8461995249406176 0.8120805369127517 0.013064133016627079
3 0.23909395973154363 0.8598574821852731 0.2533557046979866 0.009501187648456057
3 0.41946308724832215 0.8604513064133017 0.04697986577181208 0.010688836104513063
3 0.1761744966442953 0.8758907363420427 0.1174496644295302 0.015439429928741092
3 0.3187919463087248 0.8752969121140143 0.07718120805369127 0.0166270783847981
3 0.3783557046979866 0.8931116389548693 0.5285234899328859 0.014251781472684086
3 0.712248322147651 0.8937054631828979 0.04530201342281879 0.010688836104513063
3 0.42701342281879195 0.9109263657957245 0.662751677852349 0.0166270783847981
1 0.5612416107382551 0.11342042755344418 0.04194630872483222 0.013064133016627079
1 0.6610738255033557 0.8283847980997625 0.0436241610738255 0.015439429928741092
1 0.3808724832214765 0.8622327790973872 0.026845637583892617 0.014251781472684086
1 0.25671140939597314 0.8764845605700713 0.0436241610738255 0.0166270783847981
1 0.6669463087248322 0.8942992874109263 0.04194630872483222 0.014251781472684086
0 0.08473154362416108 0.09501187648456057 0.02181208053691275 0.0166270783847981
0 0.08389261744966443 0.12707838479809977 0.02348993288590604 0.0166270783847981
0 0.08305369127516779 0.17517814726840855 0.02181208053691275 0.015439429928741092
0 0.08305369127516779 0.22327790973871733 0.025167785234899327 0.0166270783847981
0 0.08389261744966443 0.25593824228028506 0.02348993288590604 0.015439429928741092
0 0.08305369127516779 0.28919239904988125 0.02181208053691275 0.020190023752969122
0 0.08389261744966443 0.32244655581947745 0.02348993288590604 0.017814726840855107
0 0.08473154362416108 0.3836104513064133 0.02181208053691275 0.0166270783847981
0 0.10486577181208054 0.417458432304038 0.02181208053691275 0.017814726840855107
0 0.35151006711409394 0.4168646080760095 0.02181208053691275 0.0166270783847981
0 0.43456375838926176 0.4180522565320665 0.020134228187919462 0.0166270783847981
0 0.575503355704698 0.417458432304038 0.02348993288590604 0.015439429928741092
0 0.10234899328859061 0.4507125890736342 0.02348993288590604 0.017814726840855107
0 0.3934563758389262 0.4513064133016627 0.02181208053691275 0.0166270783847981
0 0.47315436241610737 0.4507125890736342 0.020134228187919462 0.015439429928741092
0 0.6157718120805369 0.4513064133016627 0.02348993288590604 0.0166270783847981
0 0.10318791946308725 0.4982185273159145 0.025167785234899327 0.015439429928741092
0 0.2525167785234899 0.498812351543943 0.02181208053691275 0.0166270783847981
0 0.3313758389261745 0.4982185273159145 0.02181208053691275 0.015439429928741092
0 0.47231543624161076 0.498812351543943 0.02181208053691275 0.0166270783847981
0 0.5973154362416108 0.4334916864608076 0.013422818791946308 0.011876484560570071
0 0.4664429530201342 0.4346793349168646 0.010067114093959731 0.009501187648456057
0 0.3875838926174497 0.4358669833729216 0.010067114093959731 0.009501187648456057
0 0.10318791946308725 0.5314726840855107 0.02181208053691275 0.017814726840855107
0 0.25083892617449666 0.5320665083135392 0.02181208053691275 0.0166270783847981
0 0.33221476510067116 0.5314726840855107 0.020134228187919462 0.015439429928741092
0 0.473993288590604 0.5314726840855107 0.02181208053691275 0.017814726840855107
0 0.35151006711409394 0.5641330166270784 0.02181208053691275 0.0166270783847981
0 0.4320469798657718 0.5647268408551069 0.018456375838926176 0.017814726840855107
0 0.5746644295302014 0.5653206650831354 0.02181208053691275 0.0166270783847981
0 0.7340604026845637 0.5486935866983373 0.01174496644295302 0.009501187648456057
0 0.6006711409395973 0.5475059382422803 0.013422818791946308 0.009501187648456057
0 0.5218120805369127 0.5480997624703088 0.010067114093959731 0.010688836104513063
0 0.10570469798657718 0.5641330166270784 0.02348993288590604 0.0166270783847981
0 0.10570469798657718 0.5973871733966746 0.026845637583892617 0.0166270783847981
0 0.6937919463087249 0.5973871733966746 0.025167785234899327 0.0166270783847981
0 0.7726510067114094 0.5985748218527316 0.02181208053691275 0.0166270783847981
0 0.9119127516778524 0.5967933491686461 0.025167785234899327 0.017814726840855107
0 0.5570469798657718 0.5807600950118765 0.010067114093959731 0.009501187648456057
0 0.6384228187919463 0.581353919239905 0.01174496644295302 0.010688836104513063
0 0.7692953020134228 0.581353919239905 0.008389261744966443 0.00831353919239905
0 0.1266778523489933 0.6472684085510689 0.01174496644295302 0.009501187648456057
0 0.20721476510067113 0.6478622327790974 0.01174496644295302 0.010688836104513063
0 0.33808724832214765 0.6490498812351544 0.01174496644295302 0.010688836104513063
0 0.10486577181208054 0.66270783847981 0.025167785234899327 0.0166270783847981
0 0.75251677852349 0.663895486935867 0.02181208053691275 0.0166270783847981
0 0.8296979865771812 0.6644893111638955 0.02181208053691275 0.017814726840855107
0 0.16946308724832215 0.6817102137767221 0.02348993288590604 0.0166270783847981
0 0.1040268456375839 0.7298099762470309 0.02348993288590604 0.017814726840855107
0 0.25419463087248323 0.7143705463182898 0.01174496644295302 0.010688836104513063
0 0.33557046979865773 0.7143705463182898 0.013422818791946308 0.010688836104513063
0 0.46560402684563756 0.7143705463182898 0.01174496644295302 0.010688836104513063
0 0.08473154362416108 0.7624703087885986 0.02181208053691275 0.0166270783847981
0 0.10486577181208054 0.7957244655581948 0.025167785234899327 0.0166270783847981
0 0.10486577181208054 0.8283847980997625 0.02181208053691275 0.017814726840855107
0 0.1040268456375839 0.8764845605700713 0.02348993288590604 0.0166270783847981
0 0.08305369127516779 0.9091448931116389 0.02181208053691275 0.017814726840855107