3 0.4974832214765101 0.029097387173396674 0.7634228187919463 0.029691211401425176
3 0.4983221476510067 0.07541567695961995 0.7651006711409396 0.029691211401425176
3 0.4974832214765101 0.12054631828978622 0.7667785234899329 0.027315914489311165
3 0.13674496644295303 0.15855106888361045 0.04194630872483222 0.015439429928741092
3 0.4966442953020134 0.19833729216152018 0.7651006711409396 0.028503562945368172
3 0.15100671140939598 0.23634204275534443 0.0738255033557047 0.019002375296912115
3 0.37416107382550334 0.2690023752969121 0.5167785234899329 0.015439429928741092
3 0.17365771812080538 0.3010688836104513 0.11912751677852348 0.020190023752969122
3 0.4974832214765101 0.33847980997624705 0.7634228187919463 0.030878859857482184
3 0.1476510067114094 0.37885985748218526 0.06040268456375839 0.0166270783847981
2 0.4899328859060403 0.5700712589073634 0.761744966442953 0.3515439429928741
3 0.1518456375838926 0.7725653206650831 0.07214765100671142 0.015439429928741092
2 0.4899328859060403 0.8533254156769596 0.761744966442953 0.12945368171021376
3 0.17365771812080538 0.9471496437054632 0.11241610738255034 0.015439429928741092
2 0.4899328859060403 0.9709026128266033 0.761744966442953 0.015439429928741092