3 0.2785947712418301 0.07449494949494949 0.3349673202614379 0.020202020202020204
3 0.4877450980392157 0.12184343434343434 0.75 0.056818181818181816
3 0.4616013071895425 0.43308080808080807 0.7009803921568627 0.020202020202020204
3 0.2647058823529412 0.4690656565656566 0.30392156862745096 0.01893939393939394
3 0.4959150326797386 0.5037878787878788 0.7630718954248366 0.03535353535353535
3 0.24428104575163398 0.5441919191919192 0.25980392156862747 0.017676767676767676
3 0.47875816993464054 0.5694444444444444 0.7287581699346405 0.017676767676767676
3 0.30718954248366015 0.6047979797979798 0.38562091503267976 0.020202020202020204
3 0.14052287581699346 0.6300505050505051 0.049019607843137254 0.017676767676767676
3 0.25163398692810457 0.663510101010101 0.27124183006535946 0.01893939393939394
3 0.13725490196078433 0.6912878787878788 0.05228758169934641 0.01893939393939394
3 0.2434640522875817 0.726010101010101 0.2647058823529412 0.017676767676767676
3 0.49754901960784315 0.7582070707070707 0.7696078431372549 0.03156565656565657
2 0.4738562091503268 0.827020202020202 0.7189542483660131 0.09343434343434344
3 0.25980392156862747 0.9299242424242424 0.29411764705882354 0.059343434343434344