3 0.27532679738562094 0.07765151515151515 0.3284313725490196 0.01893939393939394
3 0.49264705882352944 0.11553030303030302 0.7630718954248366 0.041666666666666664
2 0.4166666666666667 0.1994949494949495 0.6013071895424836 0.10353535353535354
3 0.4959150326797386 0.2840909090909091 0.7663398692810458 0.045454545454545456
3 0.4959150326797386 0.32323232323232326 0.7630718954248366 0.017676767676767676
3 0.4673202614379085 0.3560606060606061 0.7058823529411765 0.030303030303030304
3 0.2769607843137255 0.3977272727272727 0.32189542483660133 0.017676767676767676
3 0.4934640522875817 0.4431818181818182 0.761437908496732 0.05808080808080808
2 0.4264705882352941 0.5366161616161617 0.6176470588235294 0.10606060606060606
3 0.22140522875816993 0.6414141414141414 0.2173202614379085 0.017676767676767676
3 0.2957516339869281 0.6660353535353535 0.3627450980392157 0.016414141414141416
3 0.20261437908496732 0.7026515151515151 0.13071895424836602 0.023989898989898988
3 0.24836601307189543 0.9286616161616161 0.27124183006535946 0.05176767676767677