2 0.31699346405228757 0.773989898989899 0.40522875816993464 0.1994949494949495
3 0.48447712418300654 0.08207070707070707 0.7401960784313726 0.03282828282828283
3 0.4591503267973856 0.11994949494949494 0.696078431372549 0.030303030303030304
3 0.4027777777777778 0.16224747474747475 0.5735294117647058 0.03409090909090909
3 0.45588235294117646 0.20202020202020202 0.6895424836601307 0.03282828282828283
3 0.4714052287581699 0.24305555555555555 0.7205882352941176 0.036616161616161616
3 0.49673202614379086 0.2840909090909091 0.7712418300653595 0.03282828282828283
3 0.40604575163398693 0.32575757575757575 0.5898692810457516 0.03787878787878788
3 0.49836601307189543 0.36553030303030304 0.7745098039215687 0.03409090909090909
3 0.45588235294117646 0.4053030303030303 0.6895424836601307 0.03535353535353535
3 0.4934640522875817 0.44065656565656564 0.7581699346405228 0.030303030303030304
3 0.47630718954248363 0.47853535353535354 0.7238562091503268 0.022727272727272728
3 0.4534313725490196 0.5056818181818182 0.684640522875817 0.01893939393939394
3 0.4877450980392157 0.5359848484848485 0.7467320261437909 0.03409090909090909
3 0.49264705882352944 0.5845959595959596 0.7630718954248366 0.050505050505050504
3 0.18627450980392157 0.6332070707070707 0.1437908496732026 0.01893939393939394
3 0.3611111111111111 0.6590909090909091 0.5 0.017676767676767676
3 0.25 0.9305555555555556 0.2777777777777778 0.05555555555555555