3 0.4027777777777778 0.07512626262626262 0.5212418300653595 0.016414141414141416
3 0.24836601307189543 0.09911616161616162 0.20915032679738563 0.01893939393939394
3 0.5040849673202614 0.13131313131313133 0.7205882352941176 0.030303030303030304
3 0.46568627450980393 0.1691919191919192 0.7058823529411765 0.030303030303030304
3 0.49836601307189543 0.2588383838383838 0.7712418300653595 0.12878787878787878
3 0.48856209150326796 0.3529040404040404 0.7549019607843137 0.04419191919191919
3 0.2818627450980392 0.4015151515151515 0.3349673202614379 0.017676767676767676
3 0.24673202614379086 0.4375 0.27124183006535946 0.016414141414141416
3 0.49836601307189543 0.4703282828282828 0.7712418300653595 0.03156565656565657
3 0.30718954248366015 0.5018939393939394 0.38562091503267976 0.016414141414141416
2 0.22630718954248366 0.5883838383838383 0.21405228758169934 0.13636363636363635
3 0.2826797385620915 0.7121212121212122 0.33986928104575165 0.017676767676767676
3 0.47058823529411764 0.7525252525252525 0.7124183006535948 0.04292929292929293
3 0.24509803921568626 0.7992424242424242 0.27124183006535946 0.020202020202020204
3 0.49754901960784315 0.8409090909090909 0.7696078431372549 0.047979797979797977
3 0.24918300653594772 0.928030303030303 0.2696078431372549 0.05303030303030303