2 0.3341503267973856 0.14835858585858586 0.4395424836601307 0.16540404040404041
2 0.4256535947712418 0.3869949494949495 0.619281045751634 0.10479797979797979
2 0.3480392156862745 0.836489898989899 0.4673202614379085 0.06691919191919192
3 0.1968954248366013 0.2777777777777778 0.1715686274509804 0.020202020202020204
3 0.4681372549019608 0.30997474747474746 0.7140522875816994 0.03156565656565657
3 0.2581699346405229 0.4842171717171717 0.29411764705882354 0.01893939393939394
3 0.434640522875817 0.5119949494949495 0.6470588235294118 0.01893939393939394
3 0.2549019607843137 0.5542929292929293 0.22875816993464052 0.03282828282828283
3 0.29901960784313725 0.6174242424242424 0.3758169934640523 0.015151515151515152
3 0.4534313725490196 0.6420454545454546 0.684640522875817 0.01893939393939394
3 0.2875816993464052 0.6849747474747475 0.29411764705882354 0.03409090909090909
3 0.2238562091503268 0.7487373737373737 0.22549019607843138 0.017676767676767676
3 0.48856209150326796 0.7809343434343434 0.7450980392156863 0.03156565656565657
3 0.24754901960784315 0.9292929292929293 0.272875816993464 0.05555555555555555