3 0.2361111111111111 0.0763888888888889 0.25 0.021464646464646464
3 0.4934640522875817 0.10921717171717171 0.7581699346405228 0.02904040404040404
3 0.48937908496732024 0.1553030303030303 0.75 0.045454545454545456
2 0.494281045751634 0.26830808080808083 0.7598039215686274 0.16792929292929293
3 0.4011437908496732 0.398989898989899 0.5735294117647058 0.020202020202020204
3 0.4852941176470588 0.42424242424242425 0.7483660130718954 0.017676767676767676
3 0.3088235294117647 0.4494949494949495 0.3954248366013072 0.022727272727272728
3 0.27941176470588236 0.47285353535353536 0.3333333333333333 0.016414141414141416
3 0.48856209150326796 0.5050505050505051 0.7516339869281046 0.027777777777777776
3 0.48284313725490197 0.5448232323232324 0.7434640522875817 0.02904040404040404
3 0.33578431372549017 0.5763888888888888 0.44607843137254904 0.01893939393939394
3 0.49019607843137253 0.6085858585858586 0.7516339869281046 0.030303030303030304
3 0.40931372549019607 0.6426767676767676 0.5964052287581699 0.015151515151515152
3 0.3684640522875817 0.6723484848484849 0.5147058823529411 0.021464646464646464
3 0.45751633986928103 0.6963383838383839 0.6928104575163399 0.013888888888888888
3 0.3243464052287582 0.7222222222222222 0.4264705882352941 0.017676767676767676
3 0.33169934640522875 0.7481060606060606 0.43790849673202614 0.016414141414141416
3 0.31699346405228757 0.773989898989899 0.4117647058823529 0.017676767676767676
3 0.48284313725490197 0.803030303030303 0.7434640522875817 0.025252525252525252
3 0.35294117647058826 0.8352272727272727 0.48366013071895425 0.021464646464646464
3 0.20588235294117646 0.8611111111111112 0.18627450980392157 0.017676767676767676
3 0.27450980392156865 0.9286616161616161 0.32679738562091504 0.056818181818181816