2 0.27532679738562094 0.15214646464646464 0.31862745098039214 0.0946969696969697
2 0.4158496732026144 0.7272727272727273 0.6094771241830066 0.12121212121212122
3 0.4795751633986928 0.08270202020202021 0.7369281045751634 0.03409090909090909
3 0.19444444444444445 0.24936868686868688 0.16993464052287582 0.01893939393939394
3 0.4910130718954248 0.2765151515151515 0.7598039215686274 0.017676767676767676
3 0.40441176470588236 0.29987373737373735 0.5931372549019608 0.01893939393939394
3 0.45588235294117646 0.3491161616161616 0.6274509803921569 0.04671717171717172
3 0.397875816993464 0.4046717171717172 0.5735294117647058 0.01893939393939394
3 0.4803921568627451 0.5113636363636364 0.6797385620915033 0.16414141414141414
3 0.20506535947712418 0.6262626262626263 0.18137254901960784 0.020202020202020204
3 0.46977124183006536 0.6515151515151515 0.7173202614379085 0.017676767676767676
3 0.30637254901960786 0.8314393939393939 0.3937908496732026 0.01893939393939394
3 0.47875816993464054 0.8566919191919192 0.7352941176470589 0.01893939393939394
3 0.24591503267973855 0.928030303030303 0.272875816993464 0.050505050505050504