3 0.27124183006535946 0.07702020202020202 0.3202614379084967 0.020202020202020204
3 0.4918300653594771 0.11553030303030302 0.7549019607843137 0.04419191919191919
3 0.49836601307189543 0.18434343434343434 0.7679738562091504 0.07323232323232323
3 0.255718954248366 0.23484848484848486 0.2826797385620915 0.020202020202020204
2 0.4991830065359477 0.37184343434343436 0.7663398692810458 0.23863636363636365
3 0.23529411764705882 0.5435606060606061 0.24836601307189543 0.01893939393939394
3 0.4950980392156863 0.5820707070707071 0.7647058823529411 0.045454545454545456
3 0.49673202614379086 0.6426767676767676 0.7712418300653595 0.06060606060606061
3 0.4068627450980392 0.6982323232323232 0.5849673202614379 0.017676767676767676
3 0.4861111111111111 0.7436868686868687 0.7467320261437909 0.06060606060606061
2 0.28431372549019607 0.821969696969697 0.3366013071895425 0.07828282828282829
3 0.24836601307189543 0.9286616161616161 0.27124183006535946 0.054292929292929296