3 0.4869281045751634 0.10669191919191919 0.6895424836601307 0.03409090909090909
2 0.49754901960784315 0.22285353535353536 0.7140522875816994 0.1856060606060606
2 0.49836601307189543 0.3838383838383838 0.7124183006535948 0.08585858585858586
3 0.4959150326797386 0.4476010101010101 0.7075163398692811 0.036616161616161616
3 0.2900326797385621 0.4911616161616162 0.2826797385620915 0.022727272727272728
3 0.4632352941176471 0.5183080808080808 0.6421568627450981 0.01893939393939394
3 0.47794117647058826 0.5498737373737373 0.6683006535947712 0.03156565656565657
3 0.2761437908496732 0.5934343434343434 0.26143790849673204 0.025252525252525252
3 0.16993464052287582 0.6193181818181818 0.05555555555555555 0.01893939393939394
3 0.2173202614379085 0.6571969696969697 0.1503267973856209 0.026515151515151516
3 0.21650326797385622 0.6938131313131313 0.14215686274509803 0.021464646464646464
3 0.4934640522875817 0.7367424242424242 0.7026143790849673 0.05176767676767677
3 0.24428104575163398 0.7878787878787878 0.2042483660130719 0.022727272727272728
3 0.3472222222222222 0.8150252525252525 0.40032679738562094 0.01893939393939394
3 0.43790849673202614 0.8503787878787878 0.5915032679738562 0.04419191919191919
3 0.826797385620915 0.8888888888888888 0.06209150326797386 0.017676767676767676
3 0.2622549019607843 0.928030303030303 0.24019607843137256 0.05555555555555555