2 0.2867647058823529 0.1590909090909091 0.28921568627450983 0.1919191919191919
2 0.35784313725490197 0.37941919191919193 0.42810457516339867 0.1527777777777778
2 0.46977124183006536 0.6294191919191919 0.7173202614379085 0.10227272727272728
3 0.494281045751634 0.2809343434343434 0.7663398692810458 0.03156565656565657
3 0.21486928104575165 0.5082070707070707 0.20098039215686275 0.01893939393939394
3 0.5016339869281046 0.5473484848484849 0.7712418300653595 0.04419191919191919
3 0.34477124183006536 0.6950757575757576 0.4673202614379085 0.016414141414141416
3 0.494281045751634 0.7291666666666666 0.7663398692810458 0.03409090909090909
3 0.27941176470588236 0.7790404040404041 0.22549019607843138 0.017676767676767676
3 0.17238562091503268 0.8339646464646465 0.11601307189542484 0.021464646464646464
3 0.39215686274509803 0.860479797979798 0.5620915032679739 0.01893939393939394
3 0.24754901960784315 0.928030303030303 0.2761437908496732 0.050505050505050504