2 0.4918300653594771 0.16035353535353536 0.7156862745098039 0.14393939393939395
3 0.494281045751634 0.25441919191919193 0.704248366013072 0.03409090909090909
3 0.4934640522875817 0.29608585858585856 0.7026143790849673 0.03409090909090909
3 0.18872549019607843 0.3301767676767677 0.08986928104575163 0.021464646464646464
3 0.4852941176470588 0.3712121212121212 0.6862745098039216 0.05303030303030303
3 0.5 0.432449494949495 0.7124183006535948 0.05176767676767677
3 0.1854575163398693 0.476010101010101 0.08986928104575163 0.022727272727272728
3 0.49264705882352944 0.5164141414141414 0.704248366013072 0.050505050505050504
3 0.4861111111111111 0.5928030303030303 0.6911764705882353 0.08964646464646464
3 0.48937908496732024 0.6546717171717171 0.6977124183006536 0.01893939393939394
3 0.4959150326797386 0.6881313131313131 0.704248366013072 0.03535353535353535
3 0.3472222222222222 0.7279040404040404 0.4133986928104575 0.01893939393939394
3 0.4852941176470588 0.7607323232323232 0.6895424836601307 0.03409090909090909
3 0.18137254901960784 0.7954545454545454 0.08169934640522876 0.022727272727272728
3 0.4934640522875817 0.8295454545454546 0.7026143790849673 0.03535353535353535
3 0.26143790849673204 0.9299242424242424 0.24183006535947713 0.054292929292929296
3 0.8251633986928104 0.8869949494949495 0.058823529411764705 0.016414141414141416