3 0.18137254901960784 0.09911616161616162 0.0784313725490196 0.01893939393939394
3 0.3423202614379085 0.12563131313131312 0.40032679738562094 0.01893939393939394
3 0.5032679738562091 0.16603535353535354 0.7189542483660131 0.05176767676767677
3 0.4959150326797386 0.20959595959595959 0.7075163398692811 0.020202020202020204
3 0.4738562091503268 0.24116161616161616 0.6633986928104575 0.03787878787878788
3 0.4150326797385621 0.2777777777777778 0.5490196078431373 0.017676767676767676
3 0.4665032679738562 0.31186868686868685 0.6486928104575164 0.03787878787878788
3 0.18872549019607843 0.3446969696969697 0.08986928104575163 0.020202020202020204
3 0.4877450980392157 0.3787878787878788 0.6879084967320261 0.03282828282828283
2 0.4959150326797386 0.47474747474747475 0.7271241830065359 0.15151515151515152
3 0.49754901960784315 0.5694444444444444 0.7107843137254902 0.03535353535353535
3 0.5008169934640523 0.6130050505050505 0.7140522875816994 0.039141414141414144
3 0.5032679738562091 0.6647727272727273 0.7124183006535948 0.054292929292929296
3 0.44607843137254904 0.7064393939393939 0.6078431372549019 0.021464646464646464
3 0.49673202614379086 0.7386363636363636 0.7091503267973857 0.03282828282828283
3 0.48284313725490197 0.7922979797979798 0.684640522875817 0.054292929292929296
3 0.8251633986928104 0.8888888888888888 0.06862745098039216 0.022727272727272728
3 0.2638888888888889 0.9292929292929293 0.24019607843137256 0.06060606060606061