3 0.20098039215686275 0.09722222222222222 0.12091503267973856 0.017676767676767676
3 0.17320261437908496 0.13257575757575757 0.07516339869281045 0.020202020202020204
3 0.2034313725490196 0.1553030303030303 0.12908496732026145 0.020202020202020204
3 0.20016339869281047 0.17613636363636365 0.119281045751634 0.01893939393939394
3 0.19362745098039216 0.20012626262626262 0.09967320261437909 0.016414141414141416
3 0.4820261437908497 0.10479797979797979 0.2679738562091503 0.027777777777777776
3 0.4387254901960784 0.13446969696969696 0.18137254901960784 0.021464646464646464
3 0.5204248366013072 0.15656565656565657 0.34477124183006536 0.017676767676767676
3 0.5245098039215687 0.17866161616161616 0.3431372549019608 0.01893939393939394
3 0.5228758169934641 0.19823232323232323 0.3333333333333333 0.017676767676767676
3 0.49754901960784315 0.2746212121212121 0.7140522875816994 0.07196969696969698
3 0.16666666666666666 0.3244949494949495 0.0457516339869281 0.015151515151515152
3 0.18137254901960784 0.38825757575757575 0.08169934640522876 0.013888888888888888
3 0.1830065359477124 0.4090909090909091 0.08496732026143791 0.017676767676767676
3 0.4526143790849673 0.34595959595959597 0.20915032679738563 0.05808080808080808
3 0.4673202614379085 0.38952020202020204 0.238562091503268 0.016414141414141416
3 0.5555555555555556 0.4109848484848485 0.39869281045751637 0.013888888888888888
3 0.3627450980392157 0.4671717171717172 0.4542483660130719 0.022727272727272728
3 0.47875816993464054 0.5018939393939394 0.673202614379085 0.03409090909090909
2 0.49264705882352944 0.634469696969697 0.7205882352941176 0.21843434343434343
3 0.22875816993464052 0.7664141414141414 0.18627450980392157 0.017676767676767676
3 0.4076797385620915 0.7941919191919192 0.5343137254901961 0.022727272727272728
3 0.49754901960784315 0.8371212121212122 0.7107843137254902 0.05303030303030303
3 0.26143790849673204 0.9292929292929293 0.24509803921568626 0.05303030303030303
3 0.8243464052287581 0.8882575757575758 0.06699346405228758 0.016414141414141416