3 0.26062091503267976 0.07575757575757576 0.29248366013071897 0.017676767676767676
3 0.28104575163398693 0.09974747474747475 0.3333333333333333 0.015151515151515152
3 0.22140522875816993 0.12436868686868686 0.21405228758169934 0.01893939393939394
3 0.2679738562091503 0.15088383838383837 0.19607843137254902 0.01893939393939394
3 0.4305555555555556 0.17613636363636365 0.45588235294117646 0.01893939393939394
3 0.28104575163398693 0.20202020202020202 0.16013071895424835 0.017676767676767676
3 0.19117647058823528 0.22537878787878787 0.032679738562091505 0.013888888888888888
3 0.24183006535947713 0.25126262626262624 0.08169934640522876 0.017676767676767676
3 0.2638888888888889 0.2765151515151515 0.3022875816993464 0.015151515151515152
3 0.4910130718954248 0.3226010101010101 0.7532679738562091 0.059343434343434344
2 0.24509803921568626 0.5795454545454546 0.2581699346405229 0.43686868686868685
3 0.4918300653594771 0.8327020202020202 0.761437908496732 0.04924242424242424
3 0.25 0.928030303030303 0.2777777777777778 0.05303030303030303