3 0.494281045751634 0.08143939393939394 0.7663398692810458 0.02904040404040404
3 0.32679738562091504 0.11237373737373738 0.43137254901960786 0.020202020202020204
3 0.4534313725490196 0.13825757575757575 0.684640522875817 0.01893939393939394
3 0.46568627450980393 0.16287878787878787 0.7026143790849673 0.017676767676767676
3 0.4591503267973856 0.18813131313131312 0.696078431372549 0.020202020202020204
3 0.4869281045751634 0.21464646464646464 0.7483660130718954 0.017676767676767676
3 0.40931372549019607 0.2380050505050505 0.5931372549019608 0.016414141414141416
3 0.49836601307189543 0.27146464646464646 0.7745098039215687 0.030303030303030304
3 0.47794117647058826 0.31565656565656564 0.7303921568627451 0.03535353535353535
3 0.4950980392156863 0.35542929292929293 0.761437908496732 0.03156565656565657
3 0.3464052287581699 0.38825757575757575 0.47058823529411764 0.01893939393939394
3 0.49836601307189543 0.45580808080808083 0.7156862745098039 0.06565656565656566
3 0.4673202614379085 0.5214646464646465 0.7058823529411765 0.030303030303030304
3 0.48937908496732024 0.5618686868686869 0.75 0.03282828282828283
3 0.3284313725490196 0.5946969696969697 0.42810457516339867 0.020202020202020204
3 0.4681372549019608 0.6193181818181818 0.6552287581699346 0.016414141414141416
3 0.4583333333333333 0.6445707070707071 0.6290849673202614 0.016414141414141416
3 0.3937908496732026 0.6691919191919192 0.5032679738562091 0.017676767676767676
2 0.511437908496732 0.7626262626262627 0.7516339869281046 0.15404040404040403
3 0.26062091503267976 0.9299242424242424 0.29901960784313725 0.059343434343434344