3 0.4910130718954248 0.08207070707070707 0.6388888888888888 0.03535353535353535
3 0.5147058823529411 0.11868686868686869 0.6862745098039216 0.030303030303030304
3 0.5147058823529411 0.17424242424242425 0.7450980392156863 0.06313131313131314
3 0.5040849673202614 0.24179292929292928 0.7271241830065359 0.06186868686868687
3 0.5040849673202614 0.29419191919191917 0.7238562091503268 0.03282828282828283
3 0.5089869281045751 0.33396464646464646 0.7303921568627451 0.03409090909090909
3 0.477124183006536 0.3712121212121212 0.738562091503268 0.03282828282828283
3 0.3112745098039216 0.4128787878787879 0.41013071895424835 0.022727272727272728
3 0.5032679738562091 0.45265151515151514 0.7810457516339869 0.041666666666666664
2 0.21323529411764705 0.615530303030303 0.1977124183006536 0.26641414141414144
3 0.17892156862745098 0.7922979797979798 0.1323529411764706 0.016414141414141416
3 0.28431372549019607 0.8181818181818182 0.33986928104575165 0.017676767676767676
3 0.494281045751634 0.851010101010101 0.7598039215686274 0.03282828282828283
3 0.27532679738562094 0.9286616161616161 0.32516339869281047 0.056818181818181816