3 0.18218954248366012 0.10101010101010101 0.08660130718954248 0.025252525252525252
3 0.4591503267973856 0.125 0.6372549019607843 0.022727272727272728
3 0.49754901960784315 0.1590909090909091 0.7107843137254902 0.04040404040404041
3 0.4861111111111111 0.2013888888888889 0.6944444444444444 0.036616161616161616
3 0.18709150326797386 0.23484848484848486 0.09313725490196079 0.022727272727272728
3 0.4861111111111111 0.2588383838383838 0.6911764705882353 0.020202020202020204
3 0.47875816993464054 0.2935606060606061 0.6764705882352942 0.036616161616161616
3 0.18790849673202614 0.3282828282828283 0.09803921568627451 0.020202020202020204
3 0.4526143790849673 0.3592171717171717 0.6274509803921569 0.03409090909090909
3 0.2622549019607843 0.4008838383838384 0.24673202614379086 0.01893939393939394
3 0.49019607843137253 0.4444444444444444 0.7026143790849673 0.05303030303030303
2 0.494281045751634 0.5839646464646465 0.7075163398692811 0.21843434343434343
3 0.4877450980392157 0.7241161616161617 0.7075163398692811 0.05176767676767677
2 0.49264705882352944 0.8169191919191919 0.7140522875816994 0.11868686868686869
3 0.2622549019607843 0.9267676767676768 0.24673202614379086 0.05808080808080808
3 0.8259803921568627 0.8888888888888888 0.07026143790849673 0.017676767676767676