2 0.4918300653594771 0.1893939393939394 0.7156862745098039 0.20202020202020202
3 0.1854575163398693 0.3068181818181818 0.08986928104575163 0.017676767676767676
3 0.49836601307189543 0.35542929292929293 0.7124183006535948 0.07196969696969698
2 0.4910130718954248 0.45202020202020204 0.7140522875816994 0.10858585858585859
3 0.494281045751634 0.5271464646464646 0.7075163398692811 0.03409090909090909
3 0.49754901960784315 0.5776515151515151 0.7140522875816994 0.054292929292929296
3 0.1854575163398693 0.6212121212121212 0.08986928104575163 0.017676767676767676
3 0.48937908496732024 0.6458333333333334 0.6944444444444444 0.01893939393939394
3 0.4714052287581699 0.6792929292929293 0.6584967320261438 0.03535353535353535
3 0.24019607843137256 0.7196969696969697 0.19934640522875818 0.017676767676767676
2 0.494281045751634 0.7986111111111112 0.7107843137254902 0.13005050505050506
3 0.26062091503267976 0.92739898989899 0.24019607843137256 0.056818181818181816
3 0.8284313725490197 0.8869949494949495 0.06535947712418301 0.021464646464646464