2 0.22794117647058823 0.1672979797979798 0.22058823529411764 0.2032828282828283
3 0.47794117647058826 0.2847222222222222 0.7303921568627451 0.01893939393939394
3 0.2647058823529412 0.3213383838383838 0.30392156862745096 0.026515151515151516
3 0.49673202614379086 0.36047979797979796 0.7712418300653595 0.04419191919191919
2 0.20751633986928106 0.5284090909090909 0.19281045751633988 0.2765151515151515
3 0.27450980392156865 0.7121212121212122 0.32679738562091504 0.022727272727272728
3 0.4877450980392157 0.7455808080808081 0.7565359477124183 0.02904040404040404
3 0.4714052287581699 0.7771464646464646 0.7140522875816994 0.01893939393939394
3 0.16911764705882354 0.8087121212121212 0.05065359477124183 0.013888888888888888
3 0.23529411764705882 0.8491161616161617 0.25163398692810457 0.026515151515151516
3 0.27941176470588236 0.9267676767676768 0.3300653594771242 0.05555555555555555