2 0.49264705882352944 0.14457070707070707 0.7140522875816994 0.11237373737373738
3 0.2834967320261438 0.21906565656565657 0.2826797385620915 0.021464646464646464
3 0.494281045751634 0.27146464646464646 0.7075163398692811 0.06565656565656566
3 0.494281045751634 0.3472222222222222 0.7009803921568627 0.06818181818181818
3 0.33169934640522875 0.3996212121212121 0.3758169934640523 0.016414141414141416
2 0.4918300653594771 0.5044191919191919 0.7124183006535948 0.18055555555555555
3 0.2581699346405229 0.6161616161616161 0.22875816993464052 0.017676767676767676
3 0.4681372549019608 0.6433080808080808 0.6486928104575164 0.016414141414141416
3 0.4714052287581699 0.6761363636363636 0.6584967320261438 0.03156565656565657
3 0.23937908496732027 0.7178030303030303 0.19444444444444445 0.01893939393939394
3 0.4959150326797386 0.7613636363636364 0.7075163398692811 0.05303030303030303
3 0.2777777777777778 0.8125 0.27124183006535946 0.01893939393939394
3 0.4730392156862745 0.8459595959595959 0.6617647058823529 0.03535353535353535
3 0.2622549019607843 0.928030303030303 0.2434640522875817 0.05808080808080808
3 0.8284313725490197 0.8882575757575758 0.06535947712418301 0.01893939393939394