3 0.48284313725490197 0.11616161616161616 0.684640522875817 0.05555555555555555
3 0.18709150326797386 0.15845959595959597 0.08986928104575163 0.021464646464646464
3 0.4950980392156863 0.21085858585858586 0.7091503267973857 0.0707070707070707
3 0.49673202614379086 0.26957070707070707 0.7091503267973857 0.036616161616161616
3 0.49673202614379086 0.32196969696969696 0.7156862745098039 0.05555555555555555
3 0.4852941176470588 0.37436868686868685 0.6895424836601307 0.039141414141414144
3 0.190359477124183 0.4071969696969697 0.09640522875816994 0.01893939393939394
3 0.42892156862745096 0.43308080808080807 0.3382352941176471 0.017676767676767676
3 0.553921568627451 0.476010101010101 0.5849673202614379 0.05303030303030303
3 0.5367647058823529 0.5284090909090909 0.553921568627451 0.03409090909090909
3 0.5253267973856209 0.571969696969697 0.5964052287581699 0.03282828282828283
3 0.5220588235294118 0.6016414141414141 0.5343137254901961 0.023989898989898988
3 0.2549019607843137 0.6306818181818182 0.22549019607843138 0.021464646464646464
3 0.48937908496732024 0.6654040404040404 0.6944444444444444 0.03787878787878788
2 0.4918300653594771 0.7771464646464646 0.7189542483660131 0.17803030303030304
3 0.26715686274509803 0.9330808080808081 0.25 0.06565656565656566
3 0.8333333333333334 0.8882575757575758 0.08823529411764706 0.023989898989898988