3 0.49836601307189543 0.11805555555555555 0.7156862745098039 0.056818181818181816
3 0.4918300653594771 0.2039141414141414 0.6993464052287581 0.08964646464646464
3 0.45751633986928103 0.2948232323232323 0.6274509803921569 0.07196969696969698
3 0.4852941176470588 0.3630050505050505 0.6830065359477124 0.039141414141414144
2 0.4934640522875817 0.46085858585858586 0.7222222222222222 0.15656565656565657
3 0.4918300653594771 0.5896464646464646 0.6993464052287581 0.08838383838383838
3 0.4297385620915033 0.6483585858585859 0.45751633986928103 0.021464646464646464
3 0.3954248366013072 0.6679292929292929 0.3954248366013072 0.017676767676767676
3 0.5261437908496732 0.6944444444444444 0.6503267973856209 0.03535353535353535
3 0.5236928104575164 0.7316919191919192 0.6486928104575164 0.036616161616161616
3 0.4910130718954248 0.7815656565656566 0.6977124183006536 0.05303030303030303
3 0.26143790849673204 0.928030303030303 0.24183006535947713 0.05808080808080808
3 0.8259803921568627 0.8863636363636364 0.06372549019607843 0.015151515151515152