2 0.4910130718954248 0.16098484848484848 0.7107843137254902 0.1452020202020202
3 0.352124183006536 0.24873737373737373 0.42320261437908496 0.020202020202020204
3 0.3619281045751634 0.2784090909090909 0.4362745098039216 0.01893939393939394
3 0.49264705882352944 0.31186868686868685 0.704248366013072 0.03535353535353535
3 0.18218954248366012 0.34785353535353536 0.07679738562091504 0.01893939393939394
3 0.47630718954248363 0.37941919191919193 0.6715686274509803 0.036616161616161616
3 0.4910130718954248 0.4217171717171717 0.7009803921568627 0.03535353535353535
3 0.5008169934640523 0.4734848484848485 0.7140522875816994 0.047979797979797977
2 0.494281045751634 0.6862373737373737 0.7107843137254902 0.3547979797979798
3 0.26062091503267976 0.92739898989899 0.24019607843137256 0.05176767676767677
3 0.826797385620915 0.8876262626262627 0.06862745098039216 0.015151515151515152