2 0.37745098039215685 0.32954545454545453 0.5261437908496732 0.16666666666666666
3 0.26062091503267976 0.07575757575757576 0.29901960784313725 0.020202020202020204
3 0.49264705882352944 0.12247474747474747 0.7565359477124183 0.06060606060606061
3 0.3611111111111111 0.1672979797979798 0.5 0.016414141414141416
3 0.24509803921568626 0.20265151515151514 0.26143790849673204 0.021464646464646464
3 0.3570261437908497 0.2297979797979798 0.4820261437908497 0.017676767676767676
3 0.30392156862745096 0.461489898989899 0.3790849673202614 0.01893939393939394
3 0.49673202614379086 0.5170454545454546 0.7647058823529411 0.07196969696969698
3 0.494281045751634 0.5890151515151515 0.7598039215686274 0.056818181818181816
3 0.4877450980392157 0.6420454545454546 0.7467320261437909 0.03156565656565657
3 0.49673202614379086 0.7089646464646465 0.7647058823529411 0.08964646464646464
3 0.4861111111111111 0.7840909090909091 0.75 0.04292929292929293
3 0.494281045751634 0.8358585858585859 0.7663398692810458 0.047979797979797977
3 0.24836601307189543 0.9305555555555556 0.27450980392156865 0.05303030303030303