3 0.4934640522875817 0.08838383838383838 0.7581699346405228 0.04292929292929293
3 0.49754901960784315 0.15404040404040403 0.7696078431372549 0.0707070707070707
3 0.49673202614379086 0.22285353535353536 0.7712418300653595 0.04419191919191919
3 0.4991830065359477 0.26704545454545453 0.7696078431372549 0.02904040404040404
3 0.4991830065359477 0.31376262626262624 0.7696078431372549 0.041666666666666664
3 0.49754901960784315 0.36742424242424243 0.7630718954248366 0.04040404040404041
3 0.4869281045751634 0.41035353535353536 0.7450980392156863 0.027777777777777776
3 0.4950980392156863 0.45707070707070707 0.7647058823529411 0.045454545454545456
3 0.49836601307189543 0.5113636363636364 0.7647058823529411 0.04292929292929293
3 0.4681372549019608 0.5505050505050505 0.7075163398692811 0.015151515151515152
3 0.47058823529411764 0.5757575757575758 0.7156862745098039 0.015151515151515152
3 0.4991830065359477 0.6142676767676768 0.7663398692810458 0.041666666666666664
3 0.4591503267973856 0.6540404040404041 0.6928104575163399 0.015151515151515152
2 0.33088235294117646 0.7045454545454546 0.4297385620915033 0.06565656565656566
3 0.49836601307189543 0.7929292929292929 0.7647058823529411 0.04040404040404041
3 0.49019607843137253 0.8390151515151515 0.7418300653594772 0.02904040404040404
3 0.2549019607843137 0.92739898989899 0.2875816993464052 0.05176767676767677