3 0.44689542483660133 0.10164141414141414 0.3741830065359477 0.016414141414141416
3 0.4027777777777778 0.11868686868686869 0.28594771241830064 0.015151515151515152
3 0.48366013071895425 0.15151515151515152 0.6797385620915033 0.03787878787878788
3 0.5245098039215687 0.19633838383838384 0.5915032679738562 0.03409090909090909
3 0.545751633986928 0.23295454545454544 0.630718954248366 0.03156565656565657
3 0.5212418300653595 0.2601010101010101 0.5261437908496732 0.015151515151515152
3 0.5433006535947712 0.2878787878787879 0.6290849673202614 0.03282828282828283
3 0.49836601307189543 0.35542929292929293 0.7156862745098039 0.08964646464646464
3 0.4991830065359477 0.4494949494949495 0.7140522875816994 0.08585858585858586
3 0.48366013071895425 0.5189393939393939 0.6830065359477124 0.03282828282828283
2 0.49019607843137253 0.6363636363636364 0.7124183006535948 0.1893939393939394
3 0.4068627450980392 0.7455808080808081 0.5326797385620915 0.016414141414141416
3 0.3227124183006536 0.7790404040404041 0.3611111111111111 0.017676767676767676
3 0.48937908496732024 0.8131313131313131 0.6944444444444444 0.03282828282828283
3 0.49754901960784315 0.8541666666666666 0.7140522875816994 0.03156565656565657
3 0.26143790849673204 0.9261363636363636 0.24183006535947713 0.054292929292929296
3 0.8259803921568627 0.8882575757575758 0.06045751633986928 0.016414141414141416