3 0.4861111111111111 0.11616161616161616 0.684640522875817 0.050505050505050504
3 0.4910130718954248 0.16856060606060605 0.6944444444444444 0.03409090909090909
3 0.3619281045751634 0.20959595959595959 0.4362745098039216 0.017676767676767676
3 0.49019607843137253 0.2518939393939394 0.696078431372549 0.054292929292929296
3 0.3815359477124183 0.2948232323232323 0.47549019607843135 0.01893939393939394
3 0.2916666666666667 0.32575757575757575 0.3022875816993464 0.020202020202020204
3 0.4861111111111111 0.36047979797979796 0.684640522875817 0.036616161616161616
2 0.49836601307189543 0.4551767676767677 0.7254901960784313 0.1452020202020202
3 0.38235294117647056 0.5410353535353535 0.4803921568627451 0.01893939393939394
3 0.2295751633986928 0.5732323232323232 0.17483660130718953 0.015151515151515152
3 0.4910130718954248 0.6243686868686869 0.6977124183006536 0.06691919191919192
3 0.2099673202614379 0.6761363636363636 0.1388888888888889 0.01893939393939394
3 0.2581699346405229 0.7013888888888888 0.23529411764705882 0.01893939393939394
3 0.21405228758169934 0.7266414141414141 0.14705882352941177 0.016414141414141416
3 0.2973856209150327 0.7512626262626263 0.3137254901960784 0.022727272727272728
3 0.2246732026143791 0.7758838383838383 0.1650326797385621 0.01893939393939394
3 0.315359477124183 0.80239898989899 0.35294117647058826 0.021464646464646464
3 0.21323529411764705 0.8257575757575758 0.1388888888888889 0.017676767676767676
3 0.25735294117647056 0.8503787878787878 0.23366013071895425 0.01893939393939394
3 0.2916666666666667 0.9267676767676768 0.31209150326797386 0.05808080808080808
3 0.8300653594771242 0.8869949494949495 0.05228758169934641 0.016414141414141416