3 0.29330065359477125 0.08522727272727272 0.36437908496732024 0.021464646464646464
3 0.49019607843137253 0.12058080808080808 0.7516339869281046 0.02904040404040404
3 0.48937908496732024 0.16477272727272727 0.7532679738562091 0.04419191919191919
3 0.47467320261437906 0.21212121212121213 0.7205882352941176 0.03535353535353535
2 0.49754901960784315 0.38825757575757575 0.7663398692810458 0.08207070707070707
2 0.49754901960784315 0.2758838383838384 0.7696078431372549 0.08207070707070707
3 0.4950980392156863 0.48863636363636365 0.7745098039215687 0.05555555555555555
3 0.49836601307189543 0.5587121212121212 0.7745098039215687 0.059343434343434344
3 0.4934640522875817 0.6332070707070707 0.761437908496732 0.07196969696969698
3 0.45179738562091504 0.6912878787878788 0.684640522875817 0.03156565656565657
3 0.49264705882352944 0.7310606060606061 0.7630718954248366 0.027777777777777776
3 0.47875816993464054 0.7708333333333334 0.7287581699346405 0.03409090909090909
3 0.4795751633986928 0.8099747474747475 0.7336601307189542 0.036616161616161616
3 0.4861111111111111 0.8478535353535354 0.7467320261437909 0.02904040404040404
3 0.27450980392156865 0.928030303030303 0.32679738562091504 0.05303030303030303