2 0.477124183006536 0.3819444444444444 0.7254901960784313 0.17803030303030304
3 0.22630718954248366 0.07323232323232323 0.17483660130718953 0.015151515151515152
3 0.2238562091503268 0.09785353535353536 0.16666666666666666 0.01893939393939394
3 0.21160130718954248 0.12436868686868686 0.14215686274509803 0.016414141414141416
3 0.21405228758169934 0.15025252525252525 0.14705882352941177 0.017676767676767676
3 0.2434640522875817 0.1755050505050505 0.20261437908496732 0.020202020202020204
3 0.2508169934640523 0.2013888888888889 0.2173202614379085 0.01893939393939394
3 0.2173202614379085 0.22537878787878787 0.1503267973856209 0.013888888888888888
3 0.26552287581699346 0.25063131313131315 0.24673202614379086 0.016414141414141416
3 0.35784313725490197 0.2765151515151515 0.4934640522875817 0.017676767676767676
3 0.4395424836601307 0.5220959595959596 0.6568627450980392 0.01893939393939394
3 0.49673202614379086 0.5694444444444444 0.7712418300653595 0.06313131313131314
3 0.45751633986928103 0.625 0.6928104575163399 0.015151515151515152
3 0.4861111111111111 0.6704545454545454 0.75 0.05555555555555555
3 0.49264705882352944 0.7525252525252525 0.7630718954248366 0.08333333333333333
3 0.48856209150326796 0.8188131313131313 0.7549019607843137 0.03156565656565657
3 0.4820261437908497 0.8573232323232324 0.7418300653594772 0.030303030303030304
3 0.24673202614379086 0.9299242424242424 0.27124183006535946 0.05176767676767677