2 0.4959150326797386 0.12310606060606061 0.7075163398692811 0.07196969696969698
3 0.49264705882352944 0.17045454545454544 0.7009803921568627 0.017676767676767676
2 0.49754901960784315 0.2196969696969697 0.7075163398692811 0.07575757575757576
3 0.3194444444444444 0.26704545454545453 0.3545751633986928 0.021464646464646464
3 0.4950980392156863 0.3023989898989899 0.6993464052287581 0.01893939393939394
3 0.49264705882352944 0.35353535353535354 0.6977124183006536 0.06818181818181818
2 0.49264705882352944 0.5309343434343434 0.7140522875816994 0.27904040404040403
3 0.5016339869281046 0.7001262626262627 0.7156862745098039 0.05176767676767677
3 0.2777777777777778 0.7960858585858586 0.27450980392156865 0.12247474747474747
3 0.8243464052287581 0.8857323232323232 0.06699346405228758 0.01893939393939394
3 0.2638888888888889 0.9292929292929293 0.2434640522875817 0.05555555555555555