2 0.22630718954248366 0.827020202020202 0.2173202614379085 0.08333333333333333
3 0.22058823529411764 0.0845959595959596 0.21568627450980393 0.020202020202020204
3 0.27205882352941174 0.12247474747474747 0.31862745098039214 0.015151515151515152
3 0.49264705882352944 0.16856060606060605 0.7630718954248366 0.059343434343434344
3 0.2369281045751634 0.22601010101010102 0.24836601307189543 0.017676767676767676
3 0.49754901960784315 0.2702020202020202 0.7696078431372549 0.05555555555555555
3 0.49673202614379086 0.3383838383838384 0.7679738562091504 0.05555555555555555
3 0.4861111111111111 0.39141414141414144 0.7467320261437909 0.030303030303030304
3 0.494281045751634 0.4431818181818182 0.7598039215686274 0.05303030303030303
3 0.47058823529411764 0.49684343434343436 0.7124183006535948 0.03156565656565657
3 0.49836601307189543 0.5353535353535354 0.7712418300653595 0.030303030303030304
3 0.17483660130718953 0.577020202020202 0.12418300653594772 0.020202020202020204
3 0.13725490196078433 0.6029040404040404 0.049019607843137254 0.01893939393939394
3 0.20179738562091504 0.6382575757575758 0.1781045751633987 0.016414141414141416
3 0.13725490196078433 0.6641414141414141 0.049019607843137254 0.015151515151515152
3 0.2818627450980392 0.6982323232323232 0.3415032679738562 0.017676767676767676
3 0.49264705882352944 0.7436868686868687 0.7598039215686274 0.05808080808080808
3 0.315359477124183 0.928030303030303 0.4117647058823529 0.05555555555555555