2 0.28431372549019607 0.16414141414141414 0.33986928104575165 0.20202020202020202
3 0.2540849673202614 0.3162878787878788 0.28594771241830064 0.01893939393939394
3 0.4934640522875817 0.36174242424242425 0.7581699346405228 0.059343434343434344
3 0.494281045751634 0.41603535353535354 0.7663398692810458 0.03156565656565657
3 0.49754901960784315 0.4476010101010101 0.7140522875816994 0.016414141414141416
3 0.5138888888888888 0.4810606060606061 0.7467320261437909 0.03282828282828283
3 0.5049019607843137 0.5132575757575758 0.7287581699346405 0.01893939393939394
3 0.3243464052287582 0.5372474747474747 0.36764705882352944 0.01893939393939394
3 0.46895424836601307 0.5625 0.6535947712418301 0.016414141414141416
3 0.29411764705882354 0.5978535353535354 0.3660130718954248 0.01893939393939394
3 0.46568627450980393 0.6306818181818182 0.7091503267973857 0.03409090909090909
3 0.2647058823529412 0.6723484848484849 0.30718954248366015 0.021464646464646464
3 0.48856209150326796 0.7247474747474747 0.7549019607843137 0.0707070707070707
3 0.3374183006535948 0.7771464646464646 0.4526143790849673 0.016414141414141416
3 0.48856209150326796 0.8175505050505051 0.7549019607843137 0.041666666666666664
3 0.24591503267973855 0.9299242424242424 0.272875816993464 0.05176767676767677