3 0.2107843137254902 0.07386363636363637 0.15359477124183007 0.021464646464646464
3 0.40032679738562094 0.11237373737373738 0.5849673202614379 0.022727272727272728
3 0.4869281045751634 0.2178030303030303 0.6928104575163399 0.16540404040404041
3 0.19852941176470587 0.32954545454545453 0.19444444444444445 0.022727272727272728
3 0.4722222222222222 0.3611111111111111 0.7222222222222222 0.020202020202020204
2 0.41830065359477125 0.4318181818181818 0.6143790849673203 0.11868686868686869
3 0.30637254901960786 0.5359848484848485 0.3937908496732026 0.016414141414141416
3 0.4910130718954248 0.5700757575757576 0.7598039215686274 0.03409090909090909
3 0.44281045751633985 0.6376262626262627 0.6045751633986928 0.07323232323232323
3 0.4223856209150327 0.7133838383838383 0.6258169934640523 0.03535353535353535
3 0.48366013071895425 0.7474747474747475 0.7450980392156863 0.020202020202020204
2 0.35130718954248363 0.8017676767676768 0.47058823529411764 0.07828282828282829
3 0.25163398692810457 0.9305555555555556 0.28431372549019607 0.05555555555555555