3 0.28104575163398693 0.07512626262626262 0.33986928104575165 0.021464646464646464
3 0.1380718954248366 0.10101010101010101 0.05392156862745098 0.012626262626262626
3 0.3660130718954248 0.13636363636363635 0.5065359477124183 0.015151515151515152
3 0.49673202614379086 0.1691919191919192 0.7679738562091504 0.030303030303030304
2 0.38643790849673204 0.2335858585858586 0.5408496732026143 0.08080808080808081
3 0.47875816993464054 0.28914141414141414 0.7287581699346405 0.017676767676767676
3 0.2630718954248366 0.32323232323232326 0.29411764705882354 0.017676767676767676
3 0.3839869281045752 0.34974747474747475 0.5392156862745098 0.017676767676767676
2 0.3243464052287582 0.40214646464646464 0.4166666666666667 0.06944444444444445
3 0.27369281045751637 0.4810606060606061 0.32516339869281047 0.020202020202020204
3 0.48856209150326796 0.5119949494949495 0.7483660130718954 0.02904040404040404
3 0.4714052287581699 0.5467171717171717 0.7140522875816994 0.020202020202020204
3 0.16993464052287582 0.5776515151515151 0.05555555555555555 0.01893939393939394
3 0.2369281045751634 0.6167929292929293 0.24183006535947713 0.016414141414141416
3 0.3333333333333333 0.6426767676767676 0.4411764705882353 0.017676767676767676
3 0.2426470588235294 0.6717171717171717 0.25980392156862747 0.020202020202020204
3 0.33905228758169936 0.6988636363636364 0.4526143790849673 0.016414141414141416
3 0.25735294117647056 0.7285353535353535 0.29248366013071897 0.017676767676767676
3 0.49019607843137253 0.7689393939393939 0.7516339869281046 0.045454545454545456
3 0.3472222222222222 0.8112373737373737 0.4624183006535948 0.021464646464646464
3 0.4934640522875817 0.8453282828282829 0.7581699346405228 0.03156565656565657
3 0.2785947712418301 0.9318181818181818 0.3349673202614379 0.05555555555555555