2 0.375 0.442550505050505 0.5277777777777778 0.3143939393939394
3 0.48284313725490197 0.08270202020202021 0.7434640522875817 0.02904040404040404
3 0.4338235294117647 0.15025252525252525 0.6029411764705882 0.07828282828282829
3 0.4632352941176471 0.22411616161616163 0.6977124183006536 0.03156565656565657
3 0.46568627450980393 0.2619949494949495 0.7091503267973857 0.03409090909090909
3 0.32189542483660133 0.6470959595959596 0.4215686274509804 0.021464646464646464
3 0.4493464052287582 0.6786616161616161 0.6764705882352942 0.02904040404040404
3 0.5106209150326797 0.7367424242424242 0.7369281045751634 0.056818181818181816
3 0.4714052287581699 0.7954545454545454 0.7205882352941176 0.03535353535353535
3 0.4722222222222222 0.8352272727272727 0.7222222222222222 0.036616161616161616
3 0.24918300653594772 0.9299242424242424 0.27941176470588236 0.056818181818181816