2 0.4583333333333333 0.3529040404040404 0.684640522875817 0.23106060606060605
3 0.4934640522875817 0.11616161616161616 0.7581699346405228 0.10101010101010101
3 0.4714052287581699 0.19128787878787878 0.7205882352941176 0.03156565656565657
3 0.309640522875817 0.22285353535353536 0.39705882352941174 0.01893939393939394
3 0.48856209150326796 0.49936868686868685 0.7549019607843137 0.04419191919191919
3 0.2704248366013072 0.5454545454545454 0.32189542483660133 0.015151515151515152
3 0.49673202614379086 0.5845959595959596 0.7647058823529411 0.04292929292929293
3 0.49836601307189543 0.6654040404040404 0.7745098039215687 0.09848484848484848
3 0.47549019607843135 0.7380050505050505 0.7287581699346405 0.03156565656565657
3 0.4861111111111111 0.7771464646464646 0.75 0.02904040404040404
3 0.47058823529411764 0.8169191919191919 0.7189542483660131 0.027777777777777776
3 0.36519607843137253 0.8491161616161617 0.4493464052287582 0.016414141414141416
3 0.24754901960784315 0.9299242424242424 0.272875816993464 0.054292929292929296