2 0.5016339869281046 0.08648989898989899 0.7189542483660131 0.041666666666666664
2 0.5155228758169934 0.2922979797979798 0.7434640522875817 0.3068181818181818
3 0.2581699346405229 0.12310606060606061 0.22875816993464052 0.01893939393939394
3 0.4918300653594771 0.4791666666666667 0.7549019607843137 0.041666666666666664
3 0.4877450980392157 0.5309343434343434 0.7532679738562091 0.04419191919191919
3 0.49264705882352944 0.5896464646464646 0.7565359477124183 0.05808080808080808
3 0.4852941176470588 0.6508838383838383 0.7418300653594772 0.04419191919191919
3 0.4820261437908497 0.7165404040404041 0.7418300653594772 0.07196969696969698
3 0.4869281045751634 0.7897727272727273 0.7516339869281046 0.054292929292929296
3 0.494281045751634 0.8503787878787878 0.7663398692810458 0.04419191919191919
3 0.24673202614379086 0.92739898989899 0.27124183006535946 0.056818181818181816