3 0.23447712418300654 0.07575757575757576 0.24019607843137256 0.017676767676767676
3 0.49264705882352944 0.10732323232323232 0.7598039215686274 0.03282828282828283
3 0.32189542483660133 0.16287878787878787 0.369281045751634 0.030303030303030304
3 0.4910130718954248 0.21464646464646464 0.7598039215686274 0.030303030303030304
3 0.34395424836601307 0.24684343434343434 0.45588235294117646 0.016414141414141416
2 0.30718954248366015 0.31691919191919193 0.3790849673202614 0.10101010101010101
3 0.30310457516339867 0.42234848484848486 0.380718954248366 0.01893939393939394
3 0.477124183006536 0.45391414141414144 0.7254901960784313 0.03156565656565657
3 0.49673202614379086 0.5189393939393939 0.7679738562091504 0.08585858585858586
3 0.3488562091503268 0.5801767676767676 0.4722222222222222 0.01893939393939394
3 0.5016339869281046 0.6237373737373737 0.7287581699346405 0.017676767676767676
3 0.27450980392156865 0.6691919191919192 0.31699346405228757 0.020202020202020204
3 0.49836601307189543 0.7007575757575758 0.7712418300653595 0.027777777777777776
3 0.397875816993464 0.75 0.5147058823529411 0.015151515151515152
3 0.3700980392156863 0.7897727272727273 0.5147058823529411 0.021464646464646464
2 0.4477124183006536 0.8207070707070707 0.6666666666666666 0.030303030303030304
3 0.26062091503267976 0.9286616161616161 0.29901960784313725 0.054292929292929296