2 0.494281045751634 0.1672979797979798 0.7107843137254902 0.15782828282828282
3 0.4934640522875817 0.2689393939393939 0.7026143790849673 0.03282828282828283
3 0.48856209150326796 0.32702020202020204 0.696078431372549 0.06818181818181818
3 0.4803921568627451 0.38762626262626265 0.673202614379085 0.03535353535353535
3 0.4869281045751634 0.432449494949495 0.6895424836601307 0.039141414141414144
3 0.24183006535947713 0.47474747474747475 0.20261437908496732 0.020202020202020204
3 0.30637254901960786 0.49936868686868685 0.32516339869281047 0.01893939393939394
3 0.49754901960784315 0.5511363636363636 0.7107843137254902 0.07196969696969698
3 0.2295751633986928 0.6079545454545454 0.1715686274509804 0.021464646464646464
3 0.49836601307189543 0.6527777777777778 0.7091503267973857 0.05303030303030303
3 0.29411764705882354 0.6950757575757576 0.30718954248366015 0.01893939393939394
2 0.4950980392156863 0.7702020202020202 0.7091503267973857 0.12121212121212122
3 0.25 0.8516414141414141 0.21241830065359477 0.01893939393939394
3 0.8259803921568627 0.8882575757575758 0.06045751633986928 0.016414141414141416
3 0.26143790849673204 0.9286616161616161 0.238562091503268 0.054292929292929296