3 0.19117647058823528 0.08648989898989899 0.1503267973856209 0.021464646464646464
3 0.49836601307189543 0.14898989898989898 0.7745098039215687 0.08585858585858586
3 0.17973856209150327 0.21654040404040403 0.1437908496732026 0.016414141414141416
3 0.3946078431372549 0.24242424242424243 0.5604575163398693 0.020202020202020204
3 0.4910130718954248 0.2821969696969697 0.7598039215686274 0.04671717171717172
3 0.2508169934640523 0.33207070707070707 0.28594771241830064 0.020202020202020204
3 0.4869281045751634 0.3712121212121212 0.7581699346405228 0.047979797979797977
3 0.20098039215686275 0.4185606060606061 0.17320261437908496 0.021464646464646464
3 0.494281045751634 0.46654040404040403 0.7663398692810458 0.06186868686868687
2 0.4869281045751634 0.6180555555555556 0.7418300653594772 0.23106060606060605
3 0.18872549019607843 0.7834595959595959 0.14869281045751634 0.016414141414141416
3 0.4011437908496732 0.8087121212121212 0.5669934640522876 0.016414141414141416
3 0.24754901960784315 0.9311868686868687 0.272875816993464 0.056818181818181816