3 0.1772875816993464 0.0763888888888889 0.12908496732026145 0.023989898989898988
3 0.1380718954248366 0.10101010101010101 0.05065359477124183 0.015151515151515152
3 0.20179738562091504 0.1369949494949495 0.18137254901960784 0.01893939393939394
3 0.4877450980392157 0.18244949494949494 0.7467320261437909 0.056818181818181816
3 0.47467320261437906 0.24179292929292928 0.7205882352941176 0.041666666666666664
3 0.28022875816993464 0.2897727272727273 0.3382352941176471 0.01893939393939394
3 0.4158496732026144 0.3181818181818182 0.5996732026143791 0.017676767676767676
3 0.24428104575163398 0.34974747474747475 0.2630718954248366 0.017676767676767676
3 0.49836601307189543 0.39835858585858586 0.7679738562091504 0.056818181818181816
3 0.3660130718954248 0.4532828282828283 0.5098039215686274 0.020202020202020204
3 0.49754901960784315 0.5006313131313131 0.7630718954248366 0.059343434343434344
3 0.49754901960784315 0.5738636363636364 0.7728758169934641 0.07196969696969698
3 0.49673202614379086 0.6332070707070707 0.7647058823529411 0.03156565656565657
2 0.2581699346405229 0.7638888888888888 0.28431372549019607 0.21212121212121213
3 0.2622549019607843 0.9299242424242424 0.2957516339869281 0.056818181818181816