2 0.494281045751634 0.15025252525252525 0.7107843137254902 0.12373737373737374
3 0.20506535947712418 0.22916666666666666 0.12254901960784313 0.021464646464646464
3 0.3006535947712418 0.2556818181818182 0.31699346405228757 0.01893939393939394
3 0.4738562091503268 0.2986111111111111 0.6601307189542484 0.054292929292929296
3 0.20833333333333334 0.3503787878787879 0.1323529411764706 0.01893939393939394
3 0.4877450980392157 0.3838383838383838 0.6911764705882353 0.03535353535353535
3 0.29411764705882354 0.4172979797979798 0.30718954248366015 0.01893939393939394
2 0.49264705882352944 0.5707070707070707 0.7140522875816994 0.2777777777777778
3 0.2769607843137255 0.7291666666666666 0.272875816993464 0.016414141414141416
3 0.5 0.7891414141414141 0.7124183006535948 0.08585858585858586
3 0.8284313725490197 0.8882575757575758 0.058823529411764705 0.01893939393939394
3 0.26062091503267976 0.9292929292929293 0.24019607843137256 0.05555555555555555