2 0.4918300653594771 0.1351010101010101 0.7091503267973857 0.08838383838383838
3 0.24918300653594772 0.19886363636363635 0.22712418300653595 0.023989898989898988
3 0.49673202614379086 0.2316919191919192 0.7091503267973857 0.039141414141414144
3 0.184640522875817 0.2676767676767677 0.08496732026143791 0.025252525252525252
3 0.49019607843137253 0.30808080808080807 0.6993464052287581 0.05555555555555555
3 0.18872549019607843 0.3522727272727273 0.09640522875816994 0.020202020202020204
3 0.4877450980392157 0.37752525252525254 0.6944444444444444 0.020202020202020204
3 0.22303921568627452 0.4097222222222222 0.16176470588235295 0.021464646464646464
3 0.47630718954248363 0.44191919191919193 0.6683006535947712 0.03535353535353535
3 0.5 0.48547979797979796 0.6633986928104575 0.036616161616161616
3 0.49836601307189543 0.5315656565656566 0.6568627450980392 0.03535353535353535
3 0.4991830065359477 0.5713383838383839 0.6617647058823529 0.039141414141414144
3 0.4934640522875817 0.615530303030303 0.6503267973856209 0.03409090909090909
3 0.4861111111111111 0.6559343434343434 0.6323529411764706 0.03409090909090909
3 0.4959150326797386 0.7051767676767676 0.7107843137254902 0.05176767676767677
3 0.3333333333333333 0.7569444444444444 0.39215686274509803 0.01893939393939394
3 0.4861111111111111 0.7904040404040404 0.6911764705882353 0.03535353535353535
3 0.4803921568627451 0.8308080808080808 0.6764705882352942 0.03282828282828283
3 0.26062091503267976 0.928030303030303 0.25 0.05555555555555555
3 0.8276143790849673 0.8907828282828283 0.07352941176470588 0.01893939393939394