2 0.40032679738562094 0.4595959595959596 0.5620915032679739 0.07575757575757576
2 0.3872549019607843 0.7948232323232324 0.5359477124183006 0.1452020202020202
3 0.2908496732026144 0.07702020202020202 0.3562091503267974 0.020202020202020204
3 0.30637254901960786 0.10037878787878787 0.3872549019607843 0.016414141414141416
3 0.18709150326797386 0.1268939393939394 0.15522875816993464 0.01893939393939394
3 0.18790849673202614 0.15151515151515152 0.15359477124183007 0.017676767676767676
3 0.2508169934640523 0.17613636363636365 0.2761437908496732 0.01893939393939394
3 0.30718954248366015 0.20012626262626262 0.3888888888888889 0.016414141414141416
3 0.494281045751634 0.2335858585858586 0.7630718954248366 0.03282828282828283
3 0.25980392156862747 0.2765151515151515 0.29411764705882354 0.017676767676767676
3 0.30392156862745096 0.30176767676767674 0.3888888888888889 0.017676767676767676
3 0.2361111111111111 0.3263888888888889 0.25 0.01893939393939394
3 0.1919934640522876 0.351010101010101 0.16176470588235295 0.017676767676767676
3 0.2508169934640523 0.3768939393939394 0.2761437908496732 0.016414141414141416
3 0.35947712418300654 0.4008838383838384 0.4934640522875817 0.01893939393939394
3 0.49754901960784315 0.5271464646464646 0.7696078431372549 0.041666666666666664
3 0.23039215686274508 0.5782828282828283 0.23529411764705882 0.017676767676767676
3 0.30718954248366015 0.6041666666666666 0.3888888888888889 0.016414141414141416
3 0.1968954248366013 0.6287878787878788 0.16830065359477125 0.015151515151515152
3 0.190359477124183 0.6540404040404041 0.15522875816993464 0.015151515151515152
3 0.25245098039215685 0.6799242424242424 0.27941176470588236 0.016414141414141416
3 0.48366013071895425 0.7032828282828283 0.738562091503268 0.017676767676767676
3 0.31699346405228757 0.9292929292929293 0.4150326797385621 0.05808080808080808