2 0.4918300653594771 0.12563131313131312 0.7156862745098039 0.07449494949494949
3 0.4820261437908497 0.1755050505050505 0.6928104575163399 0.020202020202020204
3 0.3366013071895425 0.20833333333333334 0.39215686274509803 0.017676767676767676
3 0.4861111111111111 0.24305555555555555 0.6911764705882353 0.036616161616161616
3 0.18055555555555555 0.2765151515151515 0.08986928104575163 0.022727272727272728
3 0.3790849673202614 0.3005050505050505 0.4803921568627451 0.017676767676767676
3 0.49019607843137253 0.3333333333333333 0.696078431372549 0.03535353535353535
3 0.5 0.38257575757575757 0.7124183006535948 0.050505050505050504
3 0.18709150326797386 0.42803030303030304 0.09313725490196079 0.020202020202020204
3 0.48284313725490197 0.4513888888888889 0.684640522875817 0.01893939393939394
3 0.494281045751634 0.48295454545454547 0.7075163398692811 0.03156565656565657
3 0.5008169934640523 0.5372474747474747 0.7205882352941176 0.05176767676767677
3 0.48937908496732024 0.5972222222222222 0.6944444444444444 0.05555555555555555
3 0.44281045751633985 0.639520202020202 0.6045751633986928 0.01893939393939394
3 0.49019607843137253 0.6824494949494949 0.696078431372549 0.054292929292929296
3 0.34558823529411764 0.7323232323232324 0.41013071895424835 0.022727272727272728
3 0.3480392156862745 0.7582070707070707 0.4117647058823529 0.021464646464646464
3 0.26143790849673204 0.9292929292929293 0.24183006535947713 0.05555555555555555
3 0.8259803921568627 0.8863636363636364 0.07026143790849673 0.020202020202020204