2 0.21895424836601307 0.24179292929292928 0.20588235294117646 0.3472222222222222
3 0.5008169934640523 0.46085858585858586 0.7696078431372549 0.07323232323232323
3 0.2769607843137255 0.5246212121212122 0.32516339869281047 0.021464646464646464
3 0.4803921568627451 0.5637626262626263 0.7320261437908496 0.04419191919191919
3 0.48366013071895425 0.6161616161616161 0.7418300653594772 0.045454545454545456
3 0.29983660130718953 0.6654040404040404 0.3741830065359477 0.017676767676767676
3 0.49673202614379086 0.7051767676767676 0.7679738562091504 0.04419191919191919
3 0.48284313725490197 0.7563131313131313 0.7369281045751634 0.045454545454545456
3 0.20588235294117646 0.8049242424242424 0.17973856209150327 0.016414141414141416
3 0.1380718954248366 0.8314393939393939 0.05065359477124183 0.016414141414141416
3 0.2508169934640523 0.9292929292929293 0.2761437908496732 0.05555555555555555