2 0.3341503267973856 0.16224747474747475 0.380718954248366 0.14015151515151514
3 0.4550653594771242 0.07702020202020202 0.6879084967320261 0.017676767676767676
3 0.4852941176470588 0.2569444444444444 0.7516339869281046 0.02904040404040404
3 0.47549019607843135 0.29545454545454547 0.7287581699346405 0.030303030303030304
3 0.5122549019607843 0.36174242424242425 0.7401960784313726 0.08712121212121213
3 0.5049019607843137 0.43434343434343436 0.7222222222222222 0.04292929292929293
3 0.5032679738562091 0.48737373737373735 0.7222222222222222 0.045454545454545456
3 0.5089869281045751 0.5618686868686869 0.7369281045751634 0.08585858585858586
3 0.37745098039215685 0.6212121212121212 0.41830065359477125 0.017676767676767676
3 0.434640522875817 0.6464646464646465 0.5326797385620915 0.017676767676767676
3 0.47794117647058826 0.67739898989899 0.619281045751634 0.03156565656565657
3 0.5089869281045751 0.7178030303030303 0.6813725490196079 0.03156565656565657
3 0.4803921568627451 0.7556818181818182 0.738562091503268 0.02904040404040404
3 0.4616013071895425 0.7960858585858586 0.7009803921568627 0.02904040404040404
3 0.4959150326797386 0.8428030303030303 0.7696078431372549 0.041666666666666664
3 0.3088235294117647 0.928030303030303 0.39869281045751637 0.050505050505050504