2 0.5138888888888888 0.21212121212121213 0.7467320261437909 0.29292929292929293
2 0.4714052287581699 0.8087121212121212 0.7140522875816994 0.10227272727272728
3 0.49019607843137253 0.380050505050505 0.7483660130718954 0.030303030303030304
3 0.4950980392156863 0.4412878787878788 0.7679738562091504 0.07196969696969698
3 0.4542483660130719 0.5012626262626263 0.6274509803921569 0.03282828282828283
3 0.4991830065359477 0.553030303030303 0.7761437908496732 0.05808080808080808
3 0.5049019607843137 0.6066919191919192 0.7287581699346405 0.03156565656565657
3 0.4861111111111111 0.6445707070707071 0.75 0.03156565656565657
3 0.2769607843137255 0.6875 0.32516339869281047 0.021464646464646464
3 0.4910130718954248 0.7266414141414141 0.7598039215686274 0.04671717171717172
3 0.24754901960784315 0.9292929292929293 0.272875816993464 0.05303030303030303