2 0.4934640522875817 0.2821969696969697 0.7156862745098039 0.3926767676767677
3 0.3888888888888889 0.4943181818181818 0.5 0.01893939393939394
3 0.46568627450980393 0.5176767676767676 0.6437908496732027 0.020202020202020204
2 0.49019607843137253 0.6186868686868687 0.7156862745098039 0.17676767676767677
3 0.34068627450980393 0.7285353535353535 0.39705882352941174 0.017676767676767676
3 0.48447712418300654 0.7613636363636364 0.684640522875817 0.03535353535353535
3 0.48366013071895425 0.8049242424242424 0.6764705882352942 0.039141414141414144
3 0.18218954248366012 0.8383838383838383 0.08006535947712418 0.022727272727272728
3 0.45751633986928103 0.8623737373737373 0.630718954248366 0.020202020202020204
3 0.829248366013072 0.8869949494949495 0.06045751633986928 0.013888888888888888
3 0.2647058823529412 0.92739898989899 0.24509803921568626 0.054292929292929296