3 0.494281045751634 0.08080808080808081 0.7663398692810458 0.03282828282828283
3 0.34395424836601307 0.11300505050505051 0.46568627450980393 0.016414141414141416
3 0.4027777777777778 0.13825757575757575 0.576797385620915 0.013888888888888888
2 0.4738562091503268 0.2222222222222222 0.6601307189542484 0.12878787878787878
3 0.4534313725490196 0.31123737373737376 0.684640522875817 0.02904040404040404
2 0.29983660130718953 0.432449494949495 0.3088235294117647 0.19318181818181818
3 0.4820261437908497 0.5517676767676768 0.738562091503268 0.030303030303030304
3 0.4795751633986928 0.5921717171717171 0.7303921568627451 0.03282828282828283
3 0.28431372549019607 0.634469696969697 0.33986928104575165 0.013888888888888888
3 0.49673202614379086 0.6742424242424242 0.761437908496732 0.04292929292929293
3 0.49754901960784315 0.7342171717171717 0.7663398692810458 0.059343434343434344
3 0.2957516339869281 0.7803030303030303 0.3627450980392157 0.017676767676767676
2 0.22549019607843138 0.8339646464646465 0.21895424836601307 0.07196969696969698
3 0.24836601307189543 0.9305555555555556 0.27124183006535946 0.05303030303030303