3 0.28431372549019607 0.07765151515151515 0.29411764705882354 0.02904040404040404
3 0.25245098039215685 0.13005050505050506 0.27941176470588236 0.020202020202020204
3 0.48284313725490197 0.1691919191919192 0.7434640522875817 0.045454545454545456
3 0.477124183006536 0.21654040404040403 0.7287581699346405 0.03156565656565657
3 0.2647058823529412 0.2588383838383838 0.25163398692810457 0.027777777777777776
3 0.2965686274509804 0.30934343434343436 0.3709150326797386 0.017676767676767676
3 0.4714052287581699 0.3428030303030303 0.7173202614379085 0.03156565656565657
3 0.4354575163398693 0.375 0.6454248366013072 0.020202020202020204
3 0.45179738562091504 0.40025252525252525 0.619281045751634 0.017676767676767676
2 0.4869281045751634 0.46085858585858586 0.738562091503268 0.09090909090909091
3 0.27532679738562094 0.9286616161616161 0.32516339869281047 0.05176767676767677