2 0.4803921568627451 0.40214646464646464 0.7287581699346405 0.2032828282828283
3 0.5032679738562091 0.08143939393939394 0.7222222222222222 0.03156565656565657
3 0.4673202614379085 0.12121212121212122 0.7058823529411765 0.030303030303030304
3 0.2916666666666667 0.16287878787878787 0.3611111111111111 0.020202020202020204
3 0.49673202614379086 0.22348484848484848 0.7712418300653595 0.08838383838383838
3 0.37254901960784315 0.2821969696969697 0.5163398692810458 0.016414141414141416
3 0.32189542483660133 0.55239898989899 0.4150326797385621 0.021464646464646464
3 0.4934640522875817 0.601010101010101 0.7581699346405228 0.06060606060606061
3 0.4803921568627451 0.6666666666666666 0.738562091503268 0.05808080808080808
3 0.49754901960784315 0.7417929292929293 0.7663398692810458 0.07196969696969698
3 0.494281045751634 0.8118686868686869 0.7663398692810458 0.05808080808080808
3 0.24754901960784315 0.9286616161616161 0.272875816993464 0.054292929292929296