3 0.21977124183006536 0.08396464646464646 0.2173202614379085 0.01893939393939394
3 0.494281045751634 0.13446969696969696 0.7728758169934641 0.059343434343434344
3 0.3227124183006536 0.1900252525252525 0.4133986928104575 0.021464646464646464
3 0.4632352941176471 0.22474747474747475 0.6977124183006536 0.03535353535353535
3 0.238562091503268 0.2638888888888889 0.2549019607843137 0.022727272727272728
3 0.13398692810457516 0.2897727272727273 0.05228758169934641 0.01893939393939394
3 0.17483660130718953 0.32386363636363635 0.13725490196078433 0.016414141414141416
3 0.14052287581699346 0.35164141414141414 0.06535947712418301 0.01893939393939394
3 0.2034313725490196 0.38573232323232326 0.1781045751633987 0.01893939393939394
3 0.13725490196078433 0.413510101010101 0.058823529411764705 0.01893939393939394
3 0.3700980392156863 0.4444444444444444 0.5212418300653595 0.022727272727272728
3 0.434640522875817 0.4696969696969697 0.6405228758169934 0.015151515151515152
2 0.4362745098039216 0.5890151515151515 0.6503267973856209 0.20833333333333334
3 0.19526143790849673 0.7417929292929293 0.17483660130718953 0.021464646464646464
3 0.3839869281045752 0.7683080808080808 0.5490196078431373 0.01893939393939394
3 0.4084967320261438 0.7935606060606061 0.6013071895424836 0.01893939393939394
3 0.45669934640522875 0.836489898989899 0.6421568627450981 0.036616161616161616
3 0.2508169934640523 0.928030303030303 0.2826797385620915 0.05808080808080808