2 0.3880718954248366 0.08964646464646464 0.5375816993464052 0.045454545454545456
2 0.48366013071895425 0.5959595959595959 0.738562091503268 0.12121212121212122
3 0.4950980392156863 0.1388888888888889 0.7647058823529411 0.030303030303030304
3 0.2973856209150327 0.17992424242424243 0.3660130718954248 0.016414141414141416
3 0.3055555555555556 0.2058080808080808 0.3888888888888889 0.017676767676767676
3 0.21160130718954248 0.23042929292929293 0.20098039215686275 0.016414141414141416
3 0.19362745098039216 0.255050505050505 0.16176470588235295 0.015151515151515152
3 0.25163398692810457 0.2803030303030303 0.27450980392156865 0.015151515151515152
3 0.2369281045751634 0.3055555555555556 0.25163398692810457 0.015151515151515152
3 0.4803921568627451 0.3371212121212121 0.7352941176470589 0.03282828282828283
3 0.24101307189542484 0.3768939393939394 0.2565359477124183 0.016414141414141416
3 0.3104575163398693 0.4046717171717172 0.3954248366013072 0.016414141414141416
3 0.21486928104575165 0.4292929292929293 0.20751633986928106 0.015151515151515152
3 0.19362745098039216 0.45454545454545453 0.16176470588235295 0.015151515151515152
3 0.2508169934640523 0.48042929292929293 0.2761437908496732 0.016414141414141416
3 0.47549019607843135 0.5119949494949495 0.7222222222222222 0.02904040404040404
3 0.49673202614379086 0.6906565656565656 0.7679738562091504 0.04292929292929293
3 0.21405228758169934 0.7367424242424242 0.20261437908496732 0.01893939393939394
3 0.30718954248366015 0.7651515151515151 0.3888888888888889 0.017676767676767676
3 0.1977124183006536 0.7897727272727273 0.16993464052287582 0.01893939393939394
3 0.1919934640522876 0.8162878787878788 0.15849673202614378 0.016414141414141416
3 0.25163398692810457 0.8402777777777778 0.27450980392156865 0.01893939393939394
3 0.3161764705882353 0.9292929292929293 0.41013071895424835 0.05303030303030303