3 0.48937908496732024 0.13383838383838384 0.6977124183006536 0.08838383838383838
3 0.49019607843137253 0.2032828282828283 0.6928104575163399 0.03787878787878788
3 0.494281045751634 0.24431818181818182 0.704248366013072 0.03156565656565657
3 0.5008169934640523 0.288510101010101 0.7173202614379085 0.036616161616161616
3 0.4877450980392157 0.36426767676767674 0.6911764705882353 0.10732323232323232
3 0.1895424836601307 0.4337121212121212 0.09477124183006536 0.01893939393939394
3 0.4869281045751634 0.4595959595959596 0.6895424836601307 0.020202020202020204
3 0.49019607843137253 0.4930555555555556 0.696078431372549 0.036616161616161616
3 0.1854575163398693 0.5252525252525253 0.08660130718954248 0.017676767676767676
3 0.4950980392156863 0.5776515151515151 0.7058823529411765 0.07196969696969698
3 0.4861111111111111 0.6357323232323232 0.6879084967320261 0.036616161616161616
3 0.238562091503268 0.6792929292929293 0.19281045751633988 0.022727272727272728
3 0.3700980392156863 0.7045454545454546 0.4624183006535948 0.017676767676767676
2 0.5 0.7929292929292929 0.7320261437908496 0.15404040404040403
3 0.2630718954248366 0.9299242424242424 0.24183006535947713 0.059343434343434344
3 0.826797385620915 0.8882575757575758 0.05555555555555555 0.01893939393939394