3 0.5 0.10858585858585859 0.7156862745098039 0.03535353535353535
3 0.4959150326797386 0.1590909090909091 0.7075163398692811 0.05303030303030303
3 0.494281045751634 0.21085858585858586 0.7009803921568627 0.03787878787878788
3 0.48856209150326796 0.26073232323232326 0.6895424836601307 0.054292929292929296
3 0.48937908496732024 0.3125 0.6944444444444444 0.03156565656565657
3 0.4918300653594771 0.36237373737373735 0.696078431372549 0.05303030303030303
3 0.4852941176470588 0.41414141414141414 0.6862745098039216 0.03282828282828283
3 0.4869281045751634 0.476010101010101 0.6895424836601307 0.06818181818181818
3 0.48856209150326796 0.5340909090909091 0.6895424836601307 0.03282828282828283
3 0.49019607843137253 0.5776515151515151 0.6993464052287581 0.039141414141414144
3 0.18709150326797386 0.6130050505050505 0.09313725490196079 0.01893939393939394
3 0.49836601307189543 0.6527777777777778 0.7124183006535948 0.05555555555555555
2 0.5008169934640523 0.7493686868686869 0.7303921568627451 0.125
3 0.40931372549019607 0.8244949494949495 0.5310457516339869 0.015151515151515152
3 0.26062091503267976 0.928030303030303 0.24019607843137256 0.050505050505050504
3 0.8259803921568627 0.8882575757575758 0.06045751633986928 0.016414141414141416