3 0.48366013071895425 0.11742424242424243 0.6830065359477124 0.050505050505050504
3 0.1854575163398693 0.1597222222222222 0.08660130718954248 0.021464646464646464
3 0.47875816993464054 0.19381313131313133 0.673202614379085 0.03409090909090909
3 0.46895424836601307 0.22537878787878787 0.6535947712418301 0.016414141414141416
3 0.4795751633986928 0.25063131313131315 0.6715686274509803 0.016414141414141416
3 0.3194444444444444 0.2821969696969697 0.3709150326797386 0.016414141414141416
3 0.4991830065359477 0.3188131313131313 0.7107843137254902 0.039141414141414144
3 0.18218954248366012 0.351010101010101 0.08006535947712418 0.020202020202020204
3 0.4477124183006536 0.3838383838383838 0.6143790849673203 0.03535353535353535
3 0.47467320261437906 0.42803030303030304 0.6683006535947712 0.03535353535353535
3 0.49264705882352944 0.4684343434343434 0.704248366013072 0.03282828282828283
2 0.494281045751634 0.5555555555555556 0.7107843137254902 0.12373737373737374
3 0.19117647058823528 0.634469696969697 0.08496732026143791 0.01893939393939394
3 0.4861111111111111 0.6742424242424242 0.684640522875817 0.050505050505050504
3 0.36437908496732024 0.7279040404040404 0.45098039215686275 0.023989898989898988
3 0.36437908496732024 0.7518939393939394 0.45098039215686275 0.016414141414141416
3 0.18137254901960784 0.7746212121212122 0.08169934640522876 0.01893939393939394
3 0.477124183006536 0.8074494949494949 0.6699346405228758 0.03409090909090909
3 0.49754901960784315 0.851010101010101 0.7140522875816994 0.03282828282828283
3 0.2622549019607843 0.9292929292929293 0.24019607843137256 0.05555555555555555
3 0.826797385620915 0.8863636363636364 0.0718954248366013 0.020202020202020204