3 0.4861111111111111 0.10858585858585859 0.6879084967320261 0.04040404040404041
3 0.3112745098039216 0.14204545454545456 0.3382352941176471 0.01893939393939394
3 0.4950980392156863 0.17676767676767677 0.7058823529411765 0.03787878787878788
3 0.41421568627450983 0.21717171717171718 0.5408496732026143 0.03282828282828283
3 0.48284313725490197 0.26073232323232326 0.684640522875817 0.03409090909090909
3 0.5008169934640523 0.31123737373737376 0.7140522875816994 0.059343434343434344
2 0.5 0.44886363636363635 0.7320261437908496 0.20833333333333334
3 0.27205882352941174 0.5978535353535354 0.272875816993464 0.026515151515151516
3 0.4869281045751634 0.6332070707070707 0.6895424836601307 0.03409090909090909
3 0.5073529411764706 0.6755050505050505 0.6813725490196079 0.03535353535353535
3 0.5106209150326797 0.7171717171717171 0.6879084967320261 0.03535353535353535
3 0.3161764705882353 0.7556818181818182 0.35130718954248363 0.01893939393939394
3 0.4861111111111111 0.7929292929292929 0.6879084967320261 0.03535353535353535
3 0.4117647058823529 0.827020202020202 0.49019607843137253 0.022727272727272728
3 0.3602941176470588 0.8516414141414141 0.3872549019607843 0.01893939393939394
3 0.8308823529411765 0.884469696969697 0.06045751633986928 0.016414141414141416
3 0.2957516339869281 0.928030303030303 0.30392156862745096 0.050505050505050504