2 0.40604575163398693 0.3371212121212121 0.5245098039215687 0.3560606060606061
3 0.4493464052287582 0.08143939393939394 0.6764705882352942 0.026515151515151516
3 0.4918300653594771 0.12626262626262627 0.761437908496732 0.04292929292929293
3 0.4959150326797386 0.5448232323232324 0.7696078431372549 0.04419191919191919
3 0.4918300653594771 0.5921717171717171 0.761437908496732 0.030303030303030304
3 0.48447712418300654 0.6281565656565656 0.7401960784313726 0.02904040404040404
3 0.4722222222222222 0.6685606060606061 0.7222222222222222 0.03409090909090909
3 0.4616013071895425 0.7077020202020202 0.7009803921568627 0.02904040404040404
3 0.49673202614379086 0.7468434343434344 0.7647058823529411 0.03156565656565657
3 0.49754901960784315 0.7859848484848485 0.7663398692810458 0.02904040404040404
3 0.375 0.8194444444444444 0.5277777777777778 0.020202020202020204
3 0.37663398692810457 0.8446969696969697 0.5310457516339869 0.017676767676767676
3 0.24836601307189543 0.9286616161616161 0.27450980392156865 0.054292929292929296