2 0.4869281045751634 0.4185606060606061 0.738562091503268 0.07954545454545454
2 0.4950980392156863 0.8125 0.7679738562091504 0.03156565656565657
3 0.375 0.07765151515151515 0.5277777777777778 0.01893939393939394
3 0.47467320261437906 0.11616161616161616 0.7271241830065359 0.045454545454545456
3 0.3472222222222222 0.23042929292929293 0.4133986928104575 0.1527777777777778
3 0.4738562091503268 0.3541666666666667 0.7189542483660131 0.03156565656565657
3 0.3815359477124183 0.5044191919191919 0.5408496732026143 0.021464646464646464
3 0.4820261437908497 0.5448232323232324 0.7418300653594772 0.04419191919191919
3 0.5081699346405228 0.6540404040404041 0.738562091503268 0.1388888888888889
3 0.47794117647058826 0.7727272727272727 0.7336601307189542 0.030303030303030304
3 0.24754901960784315 0.92739898989899 0.272875816993464 0.05176767676767677