2 0.4869281045751634 0.32702020202020204 0.7516339869281046 0.06818181818181818
2 0.39052287581699346 0.740530303030303 0.545751633986928 0.17803030303030304
3 0.4150326797385621 0.07449494949494949 0.6143790849673203 0.022727272727272728
3 0.4861111111111111 0.10101010101010101 0.75 0.017676767676767676
3 0.28921568627450983 0.1736111111111111 0.3006535947712418 0.0946969696969697
3 0.35049019607843135 0.2702020202020202 0.47875816993464054 0.030303030303030304
3 0.4019607843137255 0.4090909090909091 0.5816993464052288 0.017676767676767676
3 0.4910130718954248 0.44002525252525254 0.7598039215686274 0.03156565656565657
3 0.2826797385620915 0.5246212121212122 0.28104575163398693 0.10732323232323232
3 0.3488562091503268 0.6281565656565656 0.47549019607843135 0.03409090909090909
3 0.25245098039215685 0.928030303030303 0.272875816993464 0.05808080808080808