3 0.2679738562091503 0.08522727272727272 0.30718954248366015 0.01893939393939394
3 0.31699346405228757 0.11300505050505051 0.3954248366013072 0.01893939393939394
2 0.2581699346405229 0.16477272727272727 0.2777777777777778 0.06439393939393939
3 0.4950980392156863 0.2196969696969697 0.761437908496732 0.030303030303030304
3 0.4264705882352941 0.25252525252525254 0.6241830065359477 0.017676767676767676
3 0.18709150326797386 0.288510101010101 0.15196078431372548 0.023989898989898988
3 0.33251633986928103 0.31376262626262624 0.44281045751633985 0.01893939393939394
2 0.46977124183006536 0.41224747474747475 0.7173202614379085 0.16540404040404041
3 0.49673202614379086 0.5176767676767676 0.7712418300653595 0.030303030303030304
3 0.48366013071895425 0.5568181818181818 0.7450980392156863 0.03282828282828283
3 0.3292483660130719 0.5890151515151515 0.4362745098039216 0.016414141414141416
3 0.20261437908496732 0.6231060606060606 0.1895424836601307 0.021464646464646464
3 0.46405228758169936 0.6502525252525253 0.6993464052287581 0.017676767676767676
2 0.46977124183006536 0.7329545454545454 0.7140522875816994 0.13257575757575757
3 0.3292483660130719 0.8143939393939394 0.4362745098039216 0.015151515151515152
3 0.24754901960784315 0.9305555555555556 0.272875816993464 0.05808080808080808