2 0.4918300653594771 0.23042929292929293 0.7124183006535948 0.27904040404040403
3 0.2549019607843137 0.38952020202020204 0.22875816993464052 0.021464646464646464
3 0.4991830065359477 0.4412878787878788 0.7140522875816994 0.06691919191919192
3 0.26143790849673204 0.4981060606060606 0.238562091503268 0.021464646464646464
3 0.4918300653594771 0.5404040404040404 0.6993464052287581 0.050505050505050504
3 0.26143790849673204 0.5890151515151515 0.24509803921568626 0.016414141414141416
3 0.48856209150326796 0.6224747474747475 0.6895424836601307 0.03282828282828283
3 0.4869281045751634 0.6654040404040404 0.6862745098039216 0.03535353535353535
2 0.4991830065359477 0.7430555555555556 0.7303921568627451 0.10732323232323232
3 0.41013071895424835 0.8099747474747475 0.5392156862745098 0.01893939393939394
3 0.272875816993464 0.8402777777777778 0.2581699346405229 0.021464646464646464
3 0.8284313725490197 0.8869949494949495 0.06535947712418301 0.021464646464646464
3 0.26143790849673204 0.9261363636363636 0.24183006535947713 0.054292929292929296