3 0.36764705882352944 0.10037878787878787 0.3333333333333333 0.013888888888888888
2 0.4950980392156863 0.2588383838383838 0.7091503267973857 0.29797979797979796
3 0.22630718954248366 0.4305555555555556 0.1650326797385621 0.025252525252525252
3 0.4869281045751634 0.47285353535353536 0.6862745098039216 0.04924242424242424
3 0.4730392156862745 0.5233585858585859 0.6617647058823529 0.036616161616161616
3 0.4950980392156863 0.5757575757575758 0.7026143790849673 0.05555555555555555
3 0.4934640522875817 0.6167929292929293 0.7058823529411765 0.01893939393939394
3 0.494281045751634 0.6786616161616161 0.7009803921568627 0.08712121212121213
3 0.29411764705882354 0.7373737373737373 0.30718954248366015 0.017676767676767676
2 0.494281045751634 0.8125 0.7107843137254902 0.11994949494949494
3 0.829248366013072 0.8869949494949495 0.05718954248366013 0.016414141414141416
3 0.26062091503267976 0.9261363636363636 0.24019607843137256 0.054292929292929296