3 0.46405228758169936 0.10732323232323232 0.6437908496732027 0.03787878787878788
3 0.4730392156862745 0.14962121212121213 0.6617647058823529 0.03409090909090909
3 0.2949346405228758 0.18623737373737373 0.3022875816993464 0.01893939393939394
2 0.49673202614379086 0.31123737373737376 0.7156862745098039 0.22601010101010102
3 0.24836601307189543 0.4438131313131313 0.20915032679738563 0.016414141414141416
3 0.49673202614379086 0.5031565656565656 0.7124183006535948 0.08964646464646464
3 0.49836601307189543 0.5833333333333334 0.7091503267973857 0.05303030303030303
3 0.46486928104575165 0.6332070707070707 0.6454248366013072 0.03409090909090909
3 0.4681372549019608 0.6755050505050505 0.6552287581699346 0.03535353535353535
3 0.2916666666666667 0.7089646464646465 0.3022875816993464 0.01893939393939394
2 0.494281045751634 0.7866161616161617 0.7173202614379085 0.12373737373737374
3 0.8251633986928104 0.8876262626262627 0.058823529411764705 0.017676767676767676
3 0.26143790849673204 0.928030303030303 0.24183006535947713 0.05808080808080808