2 0.5147058823529411 0.14267676767676768 0.7450980392156863 0.15404040404040403
2 0.4714052287581699 0.5012626262626263 0.7140522875816994 0.09343434343434344
2 0.5155228758169934 0.7196969696969697 0.7434640522875817 0.2828282828282828
3 0.3619281045751634 0.23547979797979798 0.44281045751633985 0.01893939393939394
3 0.4795751633986928 0.27525252525252525 0.7369281045751634 0.045454545454545456
3 0.30392156862745096 0.31313131313131315 0.38562091503267976 0.020202020202020204
3 0.30637254901960786 0.3402777777777778 0.3937908496732026 0.016414141414141416
3 0.30637254901960786 0.3648989898989899 0.39052287581699346 0.015151515151515152
3 0.18709150326797386 0.3977272727272727 0.1454248366013072 0.020202020202020204
3 0.4738562091503268 0.432449494949495 0.7189542483660131 0.03156565656565657
3 0.25735294117647056 0.5625 0.23039215686274508 0.01893939393939394
3 0.24673202614379086 0.92739898989899 0.27450980392156865 0.05176767676767677