2 0.511437908496732 0.13636363636363635 0.7549019607843137 0.14393939393939395
3 0.3333333333333333 0.22285353535353536 0.39869281045751637 0.013888888888888888
3 0.49673202614379086 0.2556818181818182 0.7091503267973857 0.02904040404040404
3 0.5130718954248366 0.2948232323232323 0.7418300653594772 0.03409090909090909
3 0.20506535947712418 0.3371212121212121 0.18790849673202614 0.020202020202020204
3 0.4795751633986928 0.3693181818181818 0.7336601307189542 0.03156565656565657
3 0.47875816993464054 0.42487373737373735 0.6764705882352942 0.026515151515151516
3 0.2312091503267974 0.4779040404040404 0.24019607843137256 0.021464646464646464
3 0.4852941176470588 0.51010101010101 0.7450980392156863 0.03282828282828283
3 0.2426470588235294 0.5606060606060606 0.20098039215686275 0.020202020202020204
3 0.3415032679738562 0.5978535353535354 0.45751633986928103 0.01893939393939394
2 0.3014705882352941 0.7285353535353535 0.3741830065359477 0.23232323232323232
3 0.2622549019607843 0.92739898989899 0.3022875816993464 0.054292929292929296