3 0.24591503267973855 0.10101010101010101 0.2042483660130719 0.020202020202020204
3 0.4035947712418301 0.12626262626262627 0.5261437908496732 0.017676767676767676
3 0.47794117647058826 0.16666666666666666 0.6683006535947712 0.05555555555555555
3 0.29330065359477125 0.21022727272727273 0.29901960784313725 0.016414141414141416
2 0.4934640522875817 0.4311868686868687 0.7091503267973857 0.4078282828282828
3 0.24591503267973855 0.6565656565656566 0.2042483660130719 0.022727272727272728
3 0.4166666666666667 0.6843434343434344 0.5522875816993464 0.015151515151515152
3 0.47549019607843135 0.7178030303030303 0.6633986928104575 0.039141414141414144
3 0.29411764705882354 0.7518939393939394 0.30392156862745096 0.016414141414141416
2 0.4934640522875817 0.8143939393939394 0.7189542483660131 0.09848484848484848
3 0.8243464052287581 0.884469696969697 0.07352941176470588 0.016414141414141416
3 0.2622549019607843 0.92739898989899 0.24019607843137256 0.059343434343434344