3 0.49264705882352944 0.10858585858585859 0.704248366013072 0.03535353535353535
3 0.494281045751634 0.14962121212121213 0.7075163398692811 0.03409090909090909
3 0.18137254901960784 0.1856060606060606 0.08169934640522876 0.020202020202020204
3 0.49019607843137253 0.2196969696969697 0.6993464052287581 0.03535353535353535
3 0.4918300653594771 0.26136363636363635 0.696078431372549 0.03787878787878788
3 0.18709150326797386 0.2948232323232323 0.09313725490196079 0.01893939393939394
3 0.4877450980392157 0.3194444444444444 0.6879084967320261 0.017676767676767676
3 0.4918300653594771 0.3529040404040404 0.696078431372549 0.03409090909090909
3 0.35294117647058826 0.39457070707070707 0.4215686274509804 0.01893939393939394
3 0.46568627450980393 0.4255050505050505 0.6503267973856209 0.03535353535353535
3 0.494281045751634 0.4684343434343434 0.704248366013072 0.03282828282828283
3 0.1830065359477124 0.5025252525252525 0.0784313725490196 0.020202020202020204
3 0.4665032679738562 0.5366161616161617 0.6519607843137255 0.03535353535353535
3 0.4803921568627451 0.5789141414141414 0.6797385620915033 0.036616161616161616
3 0.4934640522875817 0.6205808080808081 0.7026143790849673 0.03409090909090909
3 0.49673202614379086 0.672979797979798 0.7058823529411765 0.050505050505050504
2 0.49264705882352944 0.7803030303030303 0.7140522875816994 0.15404040404040403
3 0.2630718954248366 0.9286616161616161 0.24509803921568626 0.054292929292929296
3 0.8243464052287581 0.8863636363636364 0.07352941176470588 0.012626262626262626