3 0.5089869281045751 0.08143939393939394 0.7336601307189542 0.026515151515151516
3 0.20098039215686275 0.12310606060606061 0.17647058823529413 0.01893939393939394
3 0.13725490196078433 0.14898989898989898 0.05228758169934641 0.012626262626262626
3 0.2834967320261438 0.18434343434343434 0.3349673202614379 0.017676767676767676
3 0.4918300653594771 0.22537878787878787 0.7549019607843137 0.04419191919191919
3 0.24509803921568626 0.2720959595959596 0.2647058823529412 0.016414141414141416
3 0.4991830065359477 0.3541666666666667 0.7663398692810458 0.1275252525252525
3 0.2181372549019608 0.432449494949495 0.20751633986928106 0.016414141414141416
3 0.49836601307189543 0.4659090909090909 0.7254901960784313 0.027777777777777776
3 0.47875816993464054 0.5056818181818182 0.6830065359477124 0.02904040404040404
3 0.4991830065359477 0.5441919191919192 0.7271241830065359 0.030303030303030304
2 0.5171568627450981 0.7184343434343434 0.7140522875816994 0.29545454545454547
3 0.24836601307189543 0.9286616161616161 0.27450980392156865 0.05176767676767677