2 0.5008169934640523 0.13068181818181818 0.7303921568627451 0.0845959595959596
3 0.39052287581699346 0.18686868686868688 0.5 0.015151515151515152
3 0.2957516339869281 0.2178030303030303 0.3104575163398693 0.01893939393939394
2 0.5 0.4217171717171717 0.7287581699346405 0.3787878787878788
3 0.3145424836601307 0.6243686868686869 0.3480392156862745 0.016414141414141416
3 0.24591503267973855 0.6559343434343434 0.22058823529411764 0.016414141414141416
3 0.477124183006536 0.6818181818181818 0.6699346405228758 0.017676767676767676
3 0.4714052287581699 0.7159090909090909 0.6584967320261438 0.03787878787878788
3 0.5285947712418301 0.7657828282828283 0.6552287581699346 0.05176767676767677
3 0.5179738562091504 0.8213383838383839 0.6405228758169934 0.054292929292929296
3 0.26062091503267976 0.928030303030303 0.2434640522875817 0.05808080808080808
3 0.8259803921568627 0.8869949494949495 0.06045751633986928 0.021464646464646464