3 0.3775167785234899 0.09549228944246738 0.5939597315436241 0.022538552787663108
3 0.5016778523489933 0.1376037959667853 0.8187919463087249 0.0498220640569395
3 0.4966442953020134 0.1915776986951364 0.825503355704698 0.04863582443653618
3 0.4899328859060403 0.24851720047449585 0.8187919463087249 0.04389086595492289
3 0.4949664429530201 0.302491103202847 0.8187919463087249 0.04744958481613286
3 0.41191275167785235 0.34638196915776986 0.6560402684563759 0.018979833926453145
3 0.49077181208053694 0.38552787663107946 0.8137583892617449 0.042704626334519574
3 0.4899328859060403 0.4412811387900356 0.8120805369127517 0.05219454329774614
3 0.37416107382550334 0.48813760379596677 0.5738255033557047 0.02491103202846975
3 0.4974832214765101 0.5551601423487544 0.8238255033557047 0.07829181494661921
3 0.24748322147651006 0.6150652431791221 0.3238255033557047 0.027283511269276393
3 0.23993288590604026 0.6500593119810202 0.3087248322147651 0.021352313167259787
3 0.2516778523489933 0.6832740213523132 0.32550335570469796 0.028469750889679714
3 0.42197986577181207 0.7194543297746144 0.6661073825503355 0.020166073546856466
3 0.25 0.7526690391459074 0.3187919463087248 0.02491103202846975
3 0.4941275167785235 0.8030842230130486 0.8070469798657718 0.05219454329774614
3 0.28439597315436244 0.8499406880189798 0.38422818791946306 0.027283511269276393
3 0.2080536912751678 0.8879003558718861 0.24496644295302014 0.02491103202846975
1 0.34060402684563756 0.8890865954922894 0.016778523489932886 0.022538552787663108
3 0.44211409395973156 0.8861209964412812 0.17281879194630873 0.02609727164887307
1 0.5427852348993288 0.8902728351126927 0.018456375838926176 0.022538552787663108
3 0.7231543624161074 0.8890865954922894 0.33221476510067116 0.027283511269276393