3 0.49161073825503354 0.1073546856465006 0.8120805369127517 0.05338078291814947
3 0.17197986577181207 0.14887307236061684 0.1593959731543624 0.022538552787663108
3 0.38926174496644295 0.1951364175563464 0.610738255033557 0.04863582443653618
3 0.14429530201342283 0.25919335705812574 0.12751677852348994 0.02491103202846975
3 0.13926174496644295 0.2977461447212337 0.10738255033557047 0.018979833926453145
3 0.14513422818791946 0.3351126927639383 0.11241610738255034 0.02965599051008304
3 0.13842281879194632 0.3748517200474496 0.11912751677852348 0.018979833926453145
3 0.14261744966442952 0.4139976275207592 0.12080536912751678 0.018979833926453145
3 0.1417785234899329 0.48576512455516013 0.11241610738255034 0.02491103202846975
3 0.1401006711409396 0.5249110320284698 0.12248322147651007 0.022538552787663108
3 0.14261744966442952 0.566429418742586 0.12416107382550336 0.02491103202846975
3 0.13758389261744966 0.6008303677342823 0.11409395973154363 0.02491103202846975
3 0.3598993288590604 0.6429418742586003 0.11912751677852348 0.028469750889679714
3 0.4890939597315436 0.6429418742586003 0.04194630872483222 0.03084223013048636
3 0.5830536912751678 0.6435349940688019 0.031879194630872486 0.02965599051008304
3 0.6795302013422819 0.6429418742586003 0.030201342281879196 0.028469750889679714