3 0.23781512605042016 0.06532066508313539 0.2235294117647059 0.021377672209026127
3 0.5386554621848739 0.08847980997624703 0.34789915966386553 0.029691211401425176
3 0.2235294117647059 0.17399049881235154 0.20168067226890757 0.14370546318289787
3 0.7310924369747899 0.1490498812351544 0.39663865546218485 0.022565320665083134
3 0.23109243697478993 0.32422802850356297 0.21680672268907564 0.14014251781472684
3 0.7310924369747899 0.30344418052256533 0.39663865546218485 0.027315914489311165
3 0.726890756302521 0.4524940617577197 0.38823529411764707 0.023752969121140142
3 0.22605042016806723 0.47387173396674587 0.2134453781512605 0.1377672209026128
3 0.3142857142857143 0.6163895486935868 0.3899159663865546 0.1187648456057007
3 0.7310924369747899 0.6359857482185273 0.3899159663865546 0.09382422802850356
3 0.17983193277310924 0.7268408551068883 0.13109243697478992 0.0855106888361045
3 0.6361344537815126 0.7149643705463183 0.226890756302521 0.026128266033254157
3 0.1781512605042017 0.8176959619952494 0.13445378151260504 0.07957244655581948
3 0.6369747899159663 0.8081947743467933 0.20168067226890757 0.02494061757719715
3 0.32100840336134456 0.8913301662707839 0.40336134453781514 0.039192399049881234