3 0.5361344537815126 0.09026128266033254 0.2991596638655462 0.026128266033254157
3 0.22521008403361345 0.17339667458432304 0.20840336134453782 0.14489311163895488
3 0.7310924369747899 0.15320665083135393 0.4 0.026128266033254157
3 0.22941176470588234 0.32125890736342044 0.21008403361344538 0.14370546318289787
3 0.7344537815126051 0.30344418052256533 0.39327731092436974 0.029691211401425176
3 0.7310924369747899 0.4513064133016627 0.3899159663865546 0.023752969121140142
3 0.226890756302521 0.4744655581947744 0.21512605042016808 0.13657957244655583
3 0.22857142857142856 0.5944180522565321 0.22857142857142856 0.07957244655581948
3 0.5663865546218487 0.6080760095011877 0.06050420168067227 0.028503562945368172
3 0.23529411764705882 0.06769596199524941 0.22521008403361345 0.023752969121140142
3 0.18319327731092436 0.7280285035629454 0.12436974789915967 0.166270783847981
3 0.4016806722689076 0.7013064133016627 0.13445378151260504 0.048693586698337295
3 0.42100840336134454 0.7577197149643705 0.17647058823529413 0.026128266033254157
3 0.561344537815126 0.8521377672209026 0.06722689075630252 0.05819477434679335
3 0.16806722689075632 0.8515439429928741 0.08739495798319327 0.0665083135391924
3 0.2134453781512605 0.917458432304038 0.17142857142857143 0.029691211401425176