3 0.23993288590604026 0.06532066508313539 0.2181208053691275 0.028503562945368172
3 0.5260067114093959 0.0855106888361045 0.23657718120805368 0.028503562945368172
3 0.2609060402684564 0.166270783847981 0.27348993288590606 0.1377672209026128
3 0.7181208053691275 0.14548693586698339 0.3859060402684564 0.027315914489311165
3 0.22651006711409397 0.29334916864608074 0.20469798657718122 0.11163895486935867
3 0.7164429530201343 0.28681710213776723 0.38926174496644295 0.0344418052256532
3 0.23154362416107382 0.40914489311163893 0.2080536912751678 0.09857482185273159
3 0.7172818791946308 0.41152019002375295 0.38422818791946306 0.03681710213776722
3 0.200503355704698 0.4910926365795725 0.1593959731543624 0.04631828978622328
3 0.17533557046979867 0.6039192399049881 0.11241610738255034 0.027315914489311165
3 0.32466442953020136 0.7125890736342043 0.39429530201342283 0.026128266033254157
3 0.20385906040268456 0.7808788598574822 0.15268456375838926 0.09144893111638955
3 0.41778523489932884 0.7636579572446556 0.18456375838926176 0.028503562945368172