3 0.18036912751677853 0.0997624703087886 0.07885906040268456 0.023752969121140142
3 0.4278523489932886 0.13182897862232779 0.5738255033557047 0.023752969121140142
3 0.8280201342281879 0.13123515439429928 0.05201342281879195 0.022565320665083134
3 0.2986577181208054 0.1543942992874109 0.3053691275167785 0.021377672209026127
3 0.6384228187919463 0.15617577197149643 0.1325503355704698 0.02494061757719715
3 0.839765100671141 0.15498812351543942 0.028523489932885907 0.022565320665083134
3 0.1593959731543624 0.17517814726840855 0.030201342281879196 0.017814726840855107
3 0.33640939597315433 0.17577197149643706 0.13590604026845637 0.019002375296912115
3 0.50251677852349 0.24584323040380046 0.7231543624161074 0.11163895486935867
3 0.5008389261744967 0.39489311163895485 0.7197986577181208 0.17933491686460806
3 0.40687919463087246 0.6644893111638955 0.4546979865771812 0.2672209026128266
1 0.7567114093959731 0.13004750593824227 0.08389261744966443 0.029691211401425176
1 0.764261744966443 0.15676959619952494 0.10906040268456375 0.021377672209026127
1 0.511744966442953 0.15558194774346792 0.11409395973154363 0.023752969121140142
1 0.2214765100671141 0.17755344418052257 0.07718120805369127 0.020190023752969122
1 0.5167785234899329 0.17814726840855108 0.21140939597315436 0.019002375296912115