3 0.5293624161073825 0.06828978622327792 0.2231543624161074 0.0344418052256532
3 0.2676174496644295 0.1490498812351544 0.27684563758389263 0.13182897862232779
3 0.7265100671140939 0.1342042755344418 0.38926174496644295 0.0332541567695962
3 0.23238255033557048 0.2695961995249406 0.20973154362416108 0.09501187648456057
3 0.7164429530201343 0.2690023752969121 0.3825503355704698 0.02494061757719715
3 0.22063758389261745 0.35688836104513066 0.19630872483221476 0.060570071258907364
3 0.6912751677852349 0.3646080760095012 0.33221476510067116 0.0498812351543943
3 0.19379194630872484 0.44299287410926363 0.1325503355704698 0.09738717339667459
3 0.41359060402684567 0.42339667458432306 0.18288590604026847 0.022565320665083134
3 0.1669463087248322 0.5344418052256532 0.09228187919463088 0.06175771971496437
3 0.552013422818792 0.5362232779097387 0.04697986577181208 0.06769596199524941
3 0.21308724832214765 0.5956057007125891 0.18456375838926176 0.029691211401425176
3 0.4823825503355705 0.5973871733966746 0.11241610738255034 0.026128266033254157