3 0.5100671140939598 0.09619952494061758 0.5268456375838926 0.030878859857482184
3 0.13926174496644295 0.1496437054631829 0.03691275167785235 0.019002375296912115
3 0.3884228187919463 0.1502375296912114 0.04530201342281879 0.017814726840855107
3 0.4748322147651007 0.1490498812351544 0.020134228187919462 0.015439429928741092
3 0.5335570469798657 0.1496437054631829 0.020134228187919462 0.0166270783847981
3 0.7466442953020134 0.1502375296912114 0.3288590604026846 0.017814726840855107
3 0.18791946308724833 0.167458432304038 0.14093959731543623 0.014251781472684086
3 0.50251677852349 0.1680522565320665 0.14261744966442952 0.015439429928741092
3 0.19043624161073824 0.18586698337292162 0.08557046979865772 0.015439429928741092
3 0.30201342281879195 0.20308788598574823 0.2651006711409396 0.0166270783847981
3 0.5310402684563759 0.20249406175771972 0.06879194630872483 0.017814726840855107
3 0.7013422818791947 0.20368171021377673 0.1476510067114094 0.017814726840855107
3 0.8716442953020134 0.20368171021377673 0.07550335570469799 0.017814726840855107
3 0.23070469798657717 0.2209026128266033 0.02181208053691275 0.014251781472684086
3 0.36828859060402686 0.22209026128266032 0.07550335570469799 0.0166270783847981
3 0.46812080536912754 0.22209026128266032 0.016778523489932886 0.019002375296912115
3 0.5436241610738255 0.22209026128266032 0.040268456375838924 0.0166270783847981
3 0.6283557046979866 0.22268408551068883 0.018456375838926176 0.015439429928741092
3 0.7130872483221476 0.22209026128266032 0.040268456375838924 0.0166270783847981
3 0.23154362416107382 0.23871733966745842 0.12080536912751678 0.014251781472684086
3 0.21308724832214765 0.25712589073634207 0.08389261744966443 0.015439429928741092
3 0.3271812080536913 0.25712589073634207 0.08389261744966443 0.015439429928741092
3 0.18959731543624161 0.27434679334916867 0.08389261744966443 0.014251781472684086
3 0.21224832214765102 0.29275534441805223 0.08221476510067115 0.015439429928741092
3 0.3800335570469799 0.2921615201900237 0.08221476510067115 0.0166270783847981
3 0.5335570469798657 0.2921615201900237 0.08053691275167785 0.0166270783847981
3 0.7692953020134228 0.2915676959619953 0.11912751677852348 0.017814726840855107
3 0.7491610738255033 0.30997624703087884 0.07885906040268456 0.014251781472684086
3 0.5310402684563759 0.30997624703087884 0.07885906040268456 0.014251781472684086
3 0.3800335570469799 0.30997624703087884 0.07885906040268456 0.014251781472684086
3 0.21224832214765102 0.30997624703087884 0.07885906040268456 0.014251781472684086
3 0.21140939597315436 0.32838479809976245 0.08053691275167785 0.015439429928741092
3 0.39848993288590606 0.32719714964370544 0.11577181208053691 0.015439429928741092
3 0.6442953020134228 0.32838479809976245 0.30201342281879195 0.015439429928741092
3 0.2407718120805369 0.34679334916864607 0.19966442953020133 0.014251781472684086
3 0.4152684563758389 0.34679334916864607 0.018456375838926176 0.0166270783847981
3 0.4790268456375839 0.3473871733966746 0.018456375838926176 0.015439429928741092
3 0.5553691275167785 0.34679334916864607 0.03691275167785235 0.0166270783847981
3 0.8104026845637584 0.3473871733966746 0.053691275167785234 0.015439429928741092
3 0.24161073825503357 0.3640142517814727 0.20469798657718122 0.015439429928741092
3 0.2516778523489933 0.3818289786223278 0.15771812080536912 0.015439429928741092
3 0.25083892617449666 0.4002375296912114 0.15604026845637584 0.014251781472684086
3 0.5704697986577181 0.3830166270783848 0.3053691275167785 0.015439429928741092
3 0.5612416107382551 0.4002375296912114 0.2835570469798658 0.014251781472684086
3 0.1686241610738255 0.417458432304038 0.04194630872483222 0.015439429928741092
3 0.41023489932885904 0.417458432304038 0.2197986577181208 0.015439429928741092
3 0.5788590604026845 0.4168646080760095 0.02348993288590604 0.014251781472684086
3 0.20721476510067113 0.4352731591448931 0.08221476510067115 0.017814726840855107
3 0.5880872483221476 0.4352731591448931 0.62248322147651 0.015439429928741092
3 0.4429530201342282 0.45368171021377673 0.587248322147651 0.0166270783847981
3 0.17114093959731544 0.47090261282660334 0.04697986577181208 0.015439429928741092
3 0.1837248322147651 0.48931116389548696 0.03523489932885906 0.0166270783847981
3 0.18456375838926176 0.5065320665083135 0.03691275167785235 0.015439429928741092
3 0.25922818791946306 0.48990498812351546 0.03859060402684564 0.015439429928741092
3 0.32298657718120805 0.48931116389548696 0.03859060402684564 0.019002375296912115
3 0.3875838926174497 0.48990498812351546 0.03691275167785235 0.015439429928741092
3 0.4521812080536913 0.49049881235154397 0.03859060402684564 0.021377672209026127
3 0.549496644295302 0.48931116389548696 0.07550335570469799 0.0166270783847981
3 0.6342281879194631 0.48931116389548696 0.020134228187919462 0.0166270783847981
3 0.709731543624161 0.48990498812351546 0.07718120805369127 0.020190023752969122
3 0.7978187919463087 0.49049881235154397 0.025167785234899327 0.0166270783847981
3 0.19966442953020133 0.5243467933491687 0.1040268456375839 0.015439429928741092
3 0.1837248322147651 0.5421615201900237 0.03859060402684564 0.015439429928741092
3 0.2483221476510067 0.5427553444180523 0.040268456375838924 0.0166270783847981
3 0.311241610738255 0.5421615201900237 0.03859060402684564 0.020190023752969122
3 0.3976510067114094 0.5421615201900237 0.08053691275167785 0.017814726840855107
3 0.5260067114093959 0.5421615201900237 0.11577181208053691 0.020190023752969122
3 0.7080536912751678 0.5706650831353919 0.087248322147651 0.015439429928741092
3 0.1593959731543624 0.5706650831353919 0.040268456375838924 0.015439429928741092
3 0.22063758389261745 0.5914489311163895 0.06879194630872483 0.0166270783847981
3 0.3691275167785235 0.6163895486935868 0.11073825503355705 0.021377672209026127
3 0.1686241610738255 0.6466745843230404 0.10906040268456375 0.022565320665083134
3 0.2231543624161074 0.6728028503562945 0.21476510067114093 0.020190023752969122
3 0.16946308724832215 0.7119952494061758 0.10738255033557047 0.020190023752969122
3 0.2273489932885906 0.7387173396674585 0.2231543624161074 0.019002375296912115
3 0.5075503355704698 0.7131828978622328 0.06208053691275168 0.022565320665083134
3 0.17030201342281878 0.7648456057007126 0.10570469798657718 0.019002375296912115
2 0.5050335570469798 0.850356294536817 0.7885906040268457 0.1496437054631829
3 0.5109060402684564 0.9364608076009501 0.7936241610738255 0.017814726840855107
1 0.2625838926174497 0.1502375296912114 0.20302013422818793 0.017814726840855107
1 0.43708053691275167 0.1502375296912114 0.04530201342281879 0.017814726840855107
1 0.5041946308724832 0.1502375296912114 0.031879194630872486 0.020190023752969122
1 0.5620805369127517 0.1502375296912114 0.03355704697986577 0.017814726840855107
1 0.34563758389261745 0.16983372921615203 0.16778523489932887 0.0166270783847981
1 0.4664429530201342 0.20308788598574823 0.050335570469798654 0.019002375296912115
1 0.5981543624161074 0.20368171021377673 0.04865771812080537 0.017814726840855107
1 0.8053691275167785 0.20486935866983372 0.04697986577181208 0.017814726840855107
1 0.19211409395973153 0.22327790973871733 0.04865771812080537 0.014251781472684086
1 0.2860738255033557 0.22149643705463182 0.08557046979865772 0.017814726840855107
1 0.43456375838926176 0.22327790973871733 0.040268456375838924 0.0166270783847981
1 0.5 0.22268408551068883 0.040268456375838924 0.017814726840855107
1 0.5906040268456376 0.22327790973871733 0.050335570469798654 0.0166270783847981
1 0.6661073825503355 0.22387173396674584 0.050335570469798654 0.015439429928741092
1 0.7692953020134228 0.22209026128266032 0.05536912751677853 0.019002375296912115
1 0.3733221476510067 0.34679334916864607 0.0587248322147651 0.019002375296912115
1 0.44546979865771813 0.3473871733966746 0.03523489932885906 0.020190023752969122
1 0.511744966442953 0.3485748218527316 0.0436241610738255 0.017814726840855107
1 0.6761744966442953 0.3485748218527316 0.20469798657718122 0.015439429928741092
1 0.24412751677852348 0.4192399049881235 0.10234899328859061 0.0166270783847981
1 0.5461409395973155 0.418646080760095 0.03859060402684564 0.015439429928741092
1 0.7969798657718121 0.45665083135391926 0.09060402684563758 0.015439429928741092
1 0.7667785234899329 0.48990498812351546 0.030201342281879196 0.022565320665083134
1 0.6057046979865772 0.48931116389548696 0.030201342281879196 0.021377672209026127
1 0.6417785234899329 0.5433491686460807 0.10906040268456375 0.017814726840855107
1 0.4186241610738255 0.5712589073634204 0.4748322147651007 0.019002375296912115
1 0.21308724832214765 0.6181710213776722 0.18791946308724833 0.022565320665083134
0 0.12835570469798657 0.18646080760095013 0.02181208053691275 0.014251781472684086
0 0.16191275167785235 0.2042755344418052 0.018456375838926176 0.0166270783847981
0 0.16023489932885907 0.23871733966745842 0.018456375838926176 0.014251781472684086
0 0.16275167785234898 0.25771971496437057 0.016778523489932886 0.014251781472684086
0 0.276006711409396 0.2583135391923991 0.018456375838926176 0.015439429928741092
0 0.12751677852348994 0.2755344418052256 0.02348993288590604 0.0166270783847981
0 0.16023489932885907 0.2921615201900237 0.018456375838926176 0.014251781472684086
0 0.16275167785234898 0.30997624703087884 0.016778523489932886 0.014251781472684086
0 0.16191275167785235 0.32838479809976245 0.018456375838926176 0.015439429928741092
0 0.33053691275167785 0.29275534441805223 0.016778523489932886 0.013064133016627079
0 0.33053691275167785 0.31057007125890734 0.016778523489932886 0.013064133016627079
0 0.3296979865771812 0.32897862232779096 0.015100671140939598 0.014251781472684086
0 0.48406040268456374 0.29275534441805223 0.015100671140939598 0.013064133016627079
0 0.48406040268456374 0.31057007125890734 0.018456375838926176 0.013064133016627079
0 0.48322147651006714 0.32838479809976245 0.016778523489932886 0.015439429928741092
0 0.6996644295302014 0.29275534441805223 0.016778523489932886 0.015439429928741092
0 0.6988255033557047 0.31057007125890734 0.018456375838926176 0.013064133016627079
0 0.12835570469798657 0.34619952494061756 0.018456375838926176 0.013064133016627079
0 0.12919463087248323 0.3646080760095012 0.016778523489932886 0.014251781472684086
0 0.1644295302013423 0.3830166270783848 0.016778523489932886 0.013064133016627079
0 0.16359060402684564 0.4002375296912114 0.018456375838926176 0.014251781472684086
0 0.41023489932885904 0.3836104513064133 0.018456375838926176 0.014251781472684086
0 0.4085570469798658 0.4002375296912114 0.018456375838926176 0.014251781472684086
0 0.12919463087248323 0.417458432304038 0.020134228187919462 0.015439429928741092
0 0.15771812080536912 0.4358669833729216 0.016778523489932886 0.014251781472684086
0 0.26593959731543626 0.4352731591448931 0.018456375838926176 0.013064133016627079
0 0.13003355704697986 0.47030878859857483 0.02181208053691275 0.014251781472684086
0 0.1568791946308725 0.49049881235154397 0.018456375838926176 0.014251781472684086
0 0.15604026845637584 0.5065320665083135 0.016778523489932886 0.013064133016627079
0 0.22902684563758388 0.48990498812351546 0.018456375838926176 0.015439429928741092
0 0.2953020134228188 0.48990498812351546 0.016778523489932886 0.015439429928741092
0 0.3598993288590604 0.49049881235154397 0.018456375838926176 0.014251781472684086
0 0.42449664429530204 0.48990498812351546 0.016778523489932886 0.015439429928741092
0 0.5041946308724832 0.4910926365795725 0.015100671140939598 0.015439429928741092
0 0.6635906040268457 0.49049881235154397 0.015100671140939598 0.0166270783847981
0 0.12835570469798657 0.5255344418052257 0.018456375838926176 0.013064133016627079
0 0.15604026845637584 0.5415676959619953 0.016778523489932886 0.014251781472684086
0 0.22063758389261745 0.5427553444180523 0.015100671140939598 0.014251781472684086
0 0.2860738255033557 0.5427553444180523 0.018456375838926176 0.014251781472684086
0 0.34815436241610737 0.5421615201900237 0.018456375838926176 0.015439429928741092
0 0.46057046979865773 0.5427553444180523 0.018456375838926176 0.0166270783847981
0 0.12751677852348994 0.5712589073634204 0.020134228187919462 0.014251781472684086
3 0.5771812080536913 0.6460807600950119 0.20134228187919462 0.019002375296912115