3 0.23865546218487396 0.06353919239904988 0.22857142857142856 0.02494061757719715
3 0.5336134453781513 0.08788598574821853 0.28403361344537814 0.030878859857482184
3 0.226890756302521 0.17517814726840855 0.20840336134453782 0.14133016627078385
3 0.7327731092436974 0.1508313539192399 0.40336134453781514 0.0332541567695962
3 0.2235294117647059 0.32779097387173395 0.22521008403361345 0.15201900237529692
3 0.7277310924369748 0.3004750593824228 0.3899159663865546 0.040380047505938245
3 0.23361344537815126 0.47565320665083133 0.22521008403361345 0.1342042755344418
3 0.7344537815126051 0.4513064133016627 0.4 0.0332541567695962
3 0.40252100840336136 0.6163895486935868 0.5630252100840336 0.12114014251781473
3 0.446218487394958 0.7280285035629454 0.6605042016806723 0.08076009501187649
3 0.45714285714285713 0.8218527315914489 0.6722689075630253 0.0855106888361045
3 0.33613445378151263 0.8966745843230404 0.4235294117647059 0.052256532066508314