3 0.4228187919463087 0.06175771971496437 0.5 0.021377672209026127
3 0.785234899328859 0.062351543942992874 0.12080536912751678 0.017814726840855107
3 0.23238255033557048 0.0855106888361045 0.12248322147651007 0.0166270783847981
3 0.3615771812080537 0.08432304038004751 0.031879194630872486 0.021377672209026127
3 0.19714765100671142 0.12826603325415678 0.1325503355704698 0.0166270783847981
3 0.46140939597315433 0.1508313539192399 0.6040268456375839 0.0166270783847981
3 0.8406040268456376 0.14845605700712589 0.087248322147651 0.021377672209026127
3 0.5184563758389261 0.17220902612826602 0.714765100671141 0.019002375296912115
3 0.20218120805369127 0.19239904988123516 0.08221476510067115 0.019002375296912115
3 0.2936241610738255 0.19477434679334918 0.040268456375838924 0.019002375296912115
3 0.46308724832214765 0.23515439429928742 0.6006711409395973 0.019002375296912115
3 0.8489932885906041 0.2345605700712589 0.06375838926174497 0.022565320665083134
3 0.44043624161073824 0.2589073634204275 0.575503355704698 0.0166270783847981
3 0.39093959731543626 0.2998812351543943 0.4563758389261745 0.027315914489311165
3 0.5201342281879194 0.3527315914489311 0.7315436241610739 0.040380047505938245
3 0.4823825503355705 0.4085510688836104 0.6493288590604027 0.026128266033254157
3 0.48406040268456374 0.4501187648456057 0.7130872483221476 0.021377672209026127
3 0.19798657718120805 0.4809976247030879 0.16778523489932887 0.019002375296912115
3 0.30453020134228187 0.5136579572446556 0.27348993288590606 0.020190023752969122
3 0.31208053691275167 0.5463182897862233 0.05704697986577181 0.0166270783847981
3 0.514261744966443 0.5480997624703088 0.29697986577181207 0.020190023752969122
3 0.8112416107382551 0.5451306413301663 0.1325503355704698 0.0166270783847981
3 0.18288590604026847 0.5671021377672208 0.0436241610738255 0.017814726840855107
3 0.5209731543624161 0.6086698337292161 0.7231543624161074 0.039192399049881234
3 0.4865771812080537 0.6757719714964371 0.6711409395973155 0.021377672209026127
3 0.39177852348993286 0.7274346793349169 0.5587248322147651 0.022565320665083134
3 0.5058724832214765 0.7583135391923991 0.7164429530201343 0.022565320665083134
3 0.3263422818791946 0.7802850356294537 0.2332214765100671 0.019002375296912115
3 0.40268456375838924 0.8242280285035629 0.5134228187919463 0.023752969121140142
1 0.3196308724832215 0.08669833729216152 0.04194630872483222 0.023752969121140142
1 0.6971476510067114 0.06413301662707839 0.04194630872483222 0.023752969121140142
1 0.7810402684563759 0.1490498812351544 0.025167785234899327 0.020190023752969122
1 0.2609060402684564 0.19418052256532067 0.025167785234899327 0.02494061757719715
1 0.790268456375839 0.23634204275534443 0.0436241610738255 0.026128266033254157
1 0.7038590604026845 0.5480997624703088 0.07214765100671142 0.027315914489311165
1 0.2181208053691275 0.5445368171021377 0.1174496644295302 0.022565320665083134
1 0.3523489932885906 0.5457244655581948 0.020134228187919462 0.02494061757719715
1 0.17701342281879195 0.7826603325415677 0.05536912751677853 0.019002375296912115