3 0.5092281879194631 0.08076009501187649 0.26677852348993286 0.030878859857482184
3 0.2407718120805369 0.14311163895486936 0.19966442953020133 0.029691211401425176
3 0.7130872483221476 0.14311163895486936 0.3053691275167785 0.020190023752969122
3 0.21140939597315436 0.17695961995249407 0.14429530201342283 0.019002375296912115
3 0.37583892617449666 0.17933491686460806 0.12080536912751678 0.019002375296912115
3 0.6703020134228188 0.18052256532066507 0.11912751677852348 0.030878859857482184
3 0.3523489932885906 0.2173396674584323 0.4261744966442953 0.026128266033254157
3 0.2139261744966443 0.2832541567695962 0.07885906040268456 0.020190023752969122
3 0.39429530201342283 0.32007125890736343 0.14093959731543623 0.032066508313539195
3 0.20553691275167785 0.3919239904988123 0.13926174496644295 0.023752969121140142
3 0.4161073825503356 0.49584323040380046 0.5973154362416108 0.10332541567695962
3 0.40687919463087246 0.6377672209026128 0.5553691275167785 0.0997624703087886
3 0.5083892617449665 0.7458432304038005 0.738255033557047 0.0332541567695962
3 0.32802013422818793 0.7957244655581948 0.3976510067114094 0.028503562945368172