3 0.6006711409395973 0.07066508313539192 0.31543624161073824 0.05344418052256532
3 0.20721476510067113 0.22624703087885986 0.32046979865771813 0.16508313539192399
3 0.6090604026845637 0.25653206650831356 0.11073825503355705 0.10451306413301663
3 0.10738255033557047 0.11520190023752969 0.08389261744966443 0.019002375296912115
3 0.785234899328859 0.18883610451306412 0.3389261744966443 0.019002375296912115
3 0.19546979865771813 0.1169833729216152 0.04530201342281879 0.015439429928741092
3 0.3053691275167785 0.1163895486935867 0.12751677852348994 0.0166270783847981
3 0.23741610738255034 0.1342042755344418 0.12919463087248323 0.014251781472684086
3 0.6828859060402684 0.10866983372921615 0.053691275167785234 0.015439429928741092
3 0.8389261744966443 0.10866983372921615 0.2080536912751678 0.017814726840855107
3 0.7751677852348994 0.12707838479809977 0.23825503355704697 0.019002375296912115
3 0.6015100671140939 0.11045130641330166 0.0587248322147651 0.0166270783847981
3 0.6442953020134228 0.39014251781472686 0.6342281879194631 0.16033254156769597
3 0.23993288590604026 0.5552256532066508 0.3691275167785235 0.07007125890736342
3 0.2676174496644295 0.671021377672209 0.41442953020134227 0.14014251781472684
3 0.6098993288590604 0.6437054631828979 0.08892617449664429 0.07600950118764846
3 0.30201342281879195 0.8652019002375297 0.5 0.14845605700712589
3 0.761744966442953 0.8598574821852731 0.39932885906040266 0.14251781472684086
0 0.1610738255033557 0.1163895486935867 0.016778523489932886 0.0166270783847981
0 0.16275167785234898 0.1330166270783848 0.02348993288590604 0.014251781472684086
0 0.22902684563758388 0.1169833729216152 0.02181208053691275 0.015439429928741092
0 0.6442953020134228 0.10866983372921615 0.016778523489932886 0.015439429928741092