3 0.5251677852348994 0.0671021377672209 0.23825503355704697 0.032066508313539195
3 0.2332214765100671 0.14489311163895488 0.23154362416107382 0.1330166270783848
3 0.49161073825503354 0.19655581947743467 0.12751677852348994 0.027315914489311165
3 0.7239932885906041 0.13182897862232779 0.38422818791946306 0.026128266033254157
3 0.23825503355704697 0.2832541567695962 0.2348993288590604 0.12945368171021376
3 0.49328859060402686 0.33729216152019004 0.13087248322147652 0.030878859857482184
3 0.7181208053691275 0.27019002375296913 0.3859060402684564 0.029691211401425176
3 0.2273489932885906 0.415083135391924 0.21644295302013422 0.11045130641330166
3 0.7223154362416108 0.41092636579572445 0.3875838926174497 0.0332541567695962
3 0.2273489932885906 0.5285035629453682 0.21644295302013422 0.09501187648456057
3 0.7181208053691275 0.5308788598574822 0.3859060402684564 0.03800475059382423
3 0.22063758389261745 0.6163895486935868 0.18624161073825504 0.05938242280285035
3 0.677013422818792 0.6294536817102138 0.3104026845637584 0.047505938242280284
3 0.19379194630872484 0.7024940617577197 0.13926174496644295 0.09382422802850356
3 0.4161073825503356 0.6900237529691211 0.18456375838926176 0.030878859857482184
3 0.17114093959731544 0.7963182897862233 0.10067114093959731 0.06532066508313539
3 0.5536912751677853 0.7992874109263658 0.07046979865771812 0.06413301662707839
3 0.4848993288590604 0.8604513064133017 0.11409395973154363 0.0344418052256532
3 0.2105704697986577 0.8592636579572447 0.17953020134228187 0.03681710213776722