3 0.4983221476510067 0.12292161520190023 0.436241610738255 0.017814726840855107
3 0.4714765100671141 0.16152019002375298 0.06375838926174497 0.021377672209026127
3 0.5394295302013423 0.19180522565320665 0.08221476510067115 0.017814726840855107
3 0.8221476510067114 0.07838479809976247 0.053691275167785234 0.028503562945368172
3 0.47818791946308725 0.22387173396674584 0.09731543624161074 0.017814726840855107
3 0.6887583892617449 0.26009501187648454 0.18959731543624161 0.0831353919239905
3 0.47315436241610737 0.2921615201900237 0.04697986577181208 0.019002375296912115
3 0.47063758389261745 0.3812351543942993 0.13926174496644295 0.03800475059382423
3 0.7298657718120806 0.37292161520190026 0.2751677852348993 0.06413301662707839
3 0.7298657718120806 0.4691211401425178 0.2684563758389262 0.0855106888361045
3 0.4714765100671141 0.4513064133016627 0.08389261744966443 0.021377672209026127
3 0.47567114093959734 0.5694774346793349 0.13926174496644295 0.043942992874109264
3 0.4714765100671141 0.6383610451306413 0.11073825503355705 0.02494061757719715
3 0.2625838926174497 0.4661520190023753 0.14261744966442952 0.043942992874109264