3 0.09144295302013423 0.07125890736342043 0.031879194630872486 0.0166270783847981
3 0.6073825503355704 0.07244655581947744 0.6241610738255033 0.014251781472684086
3 0.5008389261744967 0.10748218527315914 0.8473154362416108 0.048693586698337295
3 0.5 0.1846793349168646 0.8657718120805369 0.10095011876484561
3 0.2676174496644295 0.2648456057007126 0.39093959731543626 0.021377672209026127
3 0.2751677852348993 0.29334916864608074 0.35906040268456374 0.030878859857482184
3 0.28439597315436244 0.3194774346793349 0.3808724832214765 0.0166270783847981
3 0.5939597315436241 0.3176959619952494 0.16778523489932887 0.017814726840855107
3 0.42533557046979864 0.33788598574821854 0.662751677852349 0.010688836104513063
3 0.348993288590604 0.3509501187648456 0.47315436241610737 0.015439429928741092
3 0.2751677852348993 0.37351543942992876 0.35906040268456374 0.029691211401425176
3 0.436241610738255 0.4020190023752969 0.6778523489932886 0.017814726840855107
3 0.5092281879194631 0.42339667458432306 0.8439597315436241 0.027315914489311165
3 0.24161073825503357 0.45546318289786225 0.29194630872483224 0.032066508313539195
3 0.2273489932885906 0.48812351543942994 0.26677852348993286 0.028503562945368172
3 0.19463087248322147 0.5148456057007126 0.19463087248322147 0.015439429928741092
3 0.42197986577181207 0.5130641330166271 0.2063758389261745 0.014251781472684086
3 0.5889261744966443 0.5130641330166271 0.087248322147651 0.019002375296912115
3 0.7013422818791947 0.5130641330166271 0.087248322147651 0.019002375296912115
3 0.5226510067114094 0.5320665083135392 0.8036912751677853 0.014251781472684086
3 0.20134228187919462 0.5492874109263658 0.174496644295302 0.017814726840855107
3 0.3263422818791946 0.5492874109263658 0.018456375838926176 0.020190023752969122
3 0.5260067114093959 0.5498812351543944 0.25671140939597314 0.014251781472684086
3 0.8682885906040269 0.5498812351543944 0.08892617449664429 0.019002375296912115
3 0.13171140939597314 0.5688836104513064 0.04530201342281879 0.014251781472684086
3 0.31711409395973156 0.5688836104513064 0.10067114093959731 0.0166270783847981
3 0.7223154362416108 0.5694774346793349 0.4110738255033557 0.020190023752969122
3 0.49161073825503354 0.600356294536817 0.761744966442953 0.013064133016627079
3 0.33557046979865773 0.6146080760095012 0.4563758389261745 0.015439429928741092
3 0.5906040268456376 0.6152019002375297 0.020134228187919462 0.011876484560570071
3 0.6308724832214765 0.6157957244655582 0.026845637583892617 0.013064133016627079
3 0.7843959731543624 0.6134204275534442 0.27684563758389263 0.010688836104513063
3 0.31291946308724833 0.6294536817102138 0.4077181208053691 0.011876484560570071
3 0.6719798657718121 0.6294536817102138 0.09899328859060402 0.014251781472684086
3 0.13926174496644295 0.6437054631828979 0.06040268456375839 0.009501187648456057
3 0.5687919463087249 0.6437054631828979 0.5671140939597316 0.014251781472684086
1 0.20218120805369127 0.07304038004750593 0.17953020134228187 0.017814726840855107
0 0.08473154362416108 0.2856294536817102 0.025167785234899327 0.017814726840855107
0 0.08473154362416108 0.3188836104513064 0.025167785234899327 0.017814726840855107
1 0.50251677852349 0.3171021377672209 0.02181208053691275 0.0166270783847981
1 0.7298657718120806 0.5528503562945368 0.13758389261744966 0.013064133016627079
1 0.4429530201342282 0.5706650831353919 0.14429530201342283 0.017814726840855107
1 0.21140939597315436 0.5700712589073634 0.10738255033557047 0.019002375296912115
0 0.08305369127516779 0.3669833729216152 0.025167785234899327 0.019002375296912115
0 0.08305369127516779 0.3990498812351544 0.025167785234899327 0.019002375296912115
0 0.08473154362416108 0.4471496437054632 0.02181208053691275 0.015439429928741092
0 0.08305369127516779 0.4815914489311164 0.02181208053691275 0.017814726840855107
0 0.08305369127516779 0.5130641330166271 0.025167785234899327 0.019002375296912115
0 0.1040268456375839 0.5314726840855107 0.026845637583892617 0.015439429928741092
0 0.3036912751677852 0.5130641330166271 0.026845637583892617 0.0166270783847981
0 0.6493288590604027 0.5142517814726841 0.020134228187919462 0.0166270783847981
0 0.3053691275167785 0.5492874109263658 0.02348993288590604 0.020190023752969122
0 0.36577181208053694 0.5492874109263658 0.02348993288590604 0.017814726840855107
0 0.09899328859060402 0.600356294536817 0.016778523489932886 0.00831353919239905
0 0.572986577181208 0.6157957244655582 0.008389261744966443 0.013064133016627079
0 0.6124161073825504 0.6157957244655582 0.010067114093959731 0.010688836104513063
0 0.32802013422818793 0.584916864608076 0.008389261744966443 0.00831353919239905
0 0.7172818791946308 0.584916864608076 0.01174496644295302 0.00831353919239905
3 0.7533557046979866 0.584916864608076 0.05704697986577181 0.013064133016627079
3 0.5218120805369127 0.5855106888361045 0.37583892617449666 0.009501187648456057
3 0.20553691275167785 0.5855106888361045 0.22986577181208054 0.011876484560570071