3 0.5302013422818792 0.06828978622327792 0.22818791946308725 0.0344418052256532
3 0.23657718120805368 0.14311163895486936 0.22483221476510068 0.1342042755344418
3 0.7256711409395973 0.13182897862232779 0.3875838926174497 0.028503562945368172
3 0.4949664429530201 0.19655581947743467 0.13758389261744966 0.027315914489311165
3 0.23154362416107382 0.2850356294536817 0.2214765100671141 0.12826603325415678
3 0.7265100671140939 0.27078384798099764 0.40939597315436244 0.028503562945368172
3 0.49161073825503354 0.33729216152019004 0.12751677852348994 0.030878859857482184
3 0.2273489932885906 0.417458432304038 0.2063758389261745 0.11520190023752969
3 0.7290268456375839 0.41092636579572445 0.39429530201342283 0.028503562945368172
3 0.22399328859060402 0.5320665083135392 0.21308724832214765 0.09738717339667459
3 0.7189597315436241 0.5338479809976246 0.3875838926174497 0.032066508313539195
3 0.21895973154362416 0.6199524940617577 0.20302013422818793 0.05938242280285035
3 0.6753355704697986 0.6252969121140143 0.3070469798657718 0.060570071258907364
3 0.21140939597315436 0.7054631828978623 0.16778523489932887 0.09738717339667459
3 0.41442953020134227 0.6882422802850356 0.18120805369127516 0.0344418052256532
3 0.1644295302013423 0.8004750593824228 0.09395973154362416 0.0665083135391924
3 0.5595637583892618 0.8028503562945368 0.05536912751677853 0.07125890736342043
3 0.20889261744966442 0.8616389548693587 0.18288590604026847 0.032066508313539195
3 0.48406040268456374 0.8628266033254157 0.11577181208053691 0.032066508313539195