3 0.49580536912751677 0.09263657957244656 0.7164429530201343 0.07125890736342043
3 0.6552013422818792 0.14608076009501186 0.44798657718120805 0.019002375296912115
3 0.14345637583892618 0.17399049881235154 0.04865771812080537 0.02494061757719715
3 0.3884228187919463 0.20665083135391923 0.48825503355704697 0.014251781472684086
3 0.6929530201342282 0.20843230403800475 0.020134228187919462 0.020190023752969122
3 0.8364093959731543 0.20724465558194774 0.07885906040268456 0.022565320665083134
3 0.4211409395973154 0.22802850356294538 0.540268456375839 0.019002375296912115
3 0.17197986577181207 0.27969121140142517 0.10906040268456375 0.020190023752969122
3 0.3951342281879195 0.32363420427553447 0.5587248322147651 0.043942992874109264
3 0.18875838926174496 0.35510688836104515 0.08221476510067115 0.019002375296912115
3 0.412751677852349 0.35629453681710216 0.28187919463087246 0.0166270783847981
3 0.6233221476510067 0.35688836104513066 0.015100671140939598 0.015439429928741092
3 0.7835570469798657 0.35629453681710216 0.20134228187919462 0.0166270783847981
3 0.28104026845637586 0.37767220902612825 0.2634228187919463 0.0166270783847981
3 0.462248322147651 0.37885985748218526 0.018456375838926176 0.021377672209026127
3 0.6946308724832215 0.37826603325415675 0.3624161073825503 0.017814726840855107
3 0.25 0.3990498812351544 0.20469798657718122 0.021377672209026127
3 0.1820469798657718 0.44002375296912116 0.1325503355704698 0.017814726840855107
3 0.39429530201342283 0.46318289786223277 0.35906040268456374 0.0166270783847981
3 0.6518456375838926 0.46199524940617576 0.05536912751677853 0.021377672209026127
3 0.6518456375838926 0.4845605700712589 0.0587248322147651 0.019002375296912115
3 0.48322147651006714 0.4851543942992874 0.17785234899328858 0.020190023752969122
3 0.2407718120805369 0.48693586698337293 0.17953020134228187 0.023752969121140142
3 0.348993288590604 0.5397862232779097 0.4697986577181208 0.04156769596199525
3 0.5008389261744967 0.6140142517814727 0.7667785234899329 0.05938242280285035
3 0.1568791946308725 0.6555819477434679 0.02181208053691275 0.019002375296912115
3 0.2902684563758389 0.6567695961995249 0.08053691275167785 0.0166270783847981
3 0.6375838926174496 0.6555819477434679 0.40939597315436244 0.021377672209026127
3 0.30033557046979864 0.6769596199524941 0.1174496644295302 0.019002375296912115
3 0.39177852348993286 0.7315914489311164 0.5687919463087249 0.04275534441805225
3 0.35318791946308725 0.7844418052256532 0.4748322147651007 0.017814726840855107
3 0.1761744966442953 0.8153206650831354 0.12416107382550336 0.020190023752969122
3 0.2634228187919463 0.8479809976247031 0.2986577181208054 0.0166270783847981
3 0.38171140939597314 0.8693586698337292 0.46140939597315433 0.019002375296912115
3 0.790268456375839 0.8693586698337292 0.1912751677852349 0.019002375296912115
3 0.46057046979865773 0.8919239904988123 0.6258389261744967 0.0166270783847981
3 0.8154362416107382 0.8907363420427553 0.03691275167785235 0.011876484560570071
1 0.6610738255033557 0.20665083135391923 0.040268456375838924 0.021377672209026127
1 0.7508389261744967 0.20843230403800475 0.08557046979865772 0.027315914489311165
1 0.36325503355704697 0.48752969121140144 0.0587248322147651 0.020190023752969122
1 0.5973154362416108 0.4649643705463183 0.040268456375838924 0.020190023752969122
1 0.5989932885906041 0.48990498812351546 0.04697986577181208 0.017814726840855107
1 0.2080536912751678 0.6585510688836105 0.06711409395973154 0.015439429928741092
1 0.3825503355704698 0.6579572446555819 0.09060402684563758 0.0166270783847981
1 0.5151006711409396 0.6811163895486936 0.30201342281879195 0.015439429928741092
1 0.19966442953020133 0.6805225653206651 0.07718120805369127 0.014251781472684086
1 0.6552013422818792 0.8693586698337292 0.07550335570469799 0.019002375296912115