3 0.5327181208053692 0.06353919239904988 0.2231543624161074 0.039192399049881234
3 0.25083892617449666 0.14489311163895488 0.27348993288590606 0.13064133016627077
3 0.7156040268456376 0.1342042755344418 0.3808724832214765 0.035629453681710214
3 0.22231543624161074 0.27672209026128264 0.21644295302013422 0.1163895486935867
3 0.7206375838926175 0.27078384798099764 0.38422818791946306 0.04275534441805225
3 0.22902684563758388 0.3913301662707839 0.20973154362416108 0.09619952494061758
3 0.7223154362416108 0.3919239904988123 0.3808724832214765 0.03800475059382423
3 0.2231543624161074 0.47565320665083133 0.1912751677852349 0.05819477434679335
3 0.6761744966442953 0.48752969121140144 0.30201342281879195 0.048693586698337295
3 0.200503355704698 0.5641330166270784 0.14597315436241612 0.09263657957244656
3 0.42449664429530204 0.5492874109263658 0.18791946308724833 0.027315914489311165
3 0.16359060402684564 0.6561757719714965 0.07885906040268456 0.05819477434679335
3 0.5587248322147651 0.6567695961995249 0.06040268456375839 0.06175771971496437
3 0.21644295302013422 0.7197149643705463 0.174496644295302 0.030878859857482184
3 0.48322147651006714 0.7197149643705463 0.12080536912751678 0.026128266033254157