3 0.5386554621848739 0.08966745843230403 0.4151260504201681 0.027315914489311165
3 0.20252100840336135 0.1169833729216152 0.15294117647058825 0.02494061757719715
3 0.24873949579831933 0.19239904988123516 0.25546218487394956 0.10451306413301663
3 0.7336134453781512 0.15261282660332542 0.3983193277310924 0.029691211401425176
3 0.18235294117647058 0.2642517814726841 0.11932773109243698 0.02494061757719715
3 0.22857142857142856 0.34026128266033256 0.20840336134453782 0.10332541567695962
3 0.7302521008403361 0.3022565320665083 0.3949579831932773 0.02494061757719715
3 0.21512605042016808 0.417458432304038 0.1815126050420168 0.02494061757719715
3 0.22941176470588234 0.49228028503562943 0.21008403361344538 0.09857482185273159
3 0.7310924369747899 0.45368171021377673 0.3831932773109244 0.026128266033254157
3 0.2504201680672269 0.6163895486935868 0.24873949579831933 0.12114014251781473
3 0.592436974789916 0.6152019002375297 0.10252100840336134 0.05463182897862233
3 0.5184873949579832 0.7583135391923991 0.8050420168067227 0.14133016627078385