3 0.5285234899328859 0.08729216152019002 0.22483221476510068 0.032066508313539195
3 0.23741610738255034 0.06532066508313539 0.21644295302013422 0.021377672209026127
3 0.2575503355704698 0.16270783847980996 0.27684563758389263 0.13064133016627077
3 0.7139261744966443 0.14786223277909738 0.39093959731543626 0.0344418052256532
3 0.23657718120805368 0.2856294536817102 0.22483221476510068 0.09382422802850356
3 0.7189597315436241 0.2844418052256532 0.39429530201342283 0.032066508313539195
3 0.200503355704698 0.3681710213776722 0.14597315436241612 0.052256532066508314
3 0.17785234899328858 0.4839667458432304 0.10738255033557047 0.027315914489311165
3 0.3213087248322148 0.5914489311163895 0.3875838926174497 0.028503562945368172
3 0.3296979865771812 0.6585510688836105 0.41778523489932884 0.09144893111638955
3 0.1669463087248322 0.7553444180522565 0.11241610738255034 0.05938242280285035
3 0.5536912751677853 0.7565320665083135 0.05704697986577181 0.06175771971496437
3 0.2105704697986577 0.8171021377672208 0.17281879194630873 0.028503562945368172
3 0.48070469798657717 0.8147268408551069 0.10906040268456375 0.0332541567695962