3 0.5361344537815126 0.09085510688836104 0.4369747899159664 0.029691211401425176
3 0.23865546218487396 0.06472684085510688 0.22521008403361345 0.020190023752969122
3 0.22605042016806723 0.17458432304038005 0.2 0.14251781472684086
3 0.7310924369747899 0.15201900237529692 0.3798319327731092 0.023752969121140142
3 0.23109243697478993 0.32304038004750596 0.21008403361344538 0.14251781472684086
3 0.7302521008403361 0.3016627078384798 0.3815126050420168 0.028503562945368172
3 0.226890756302521 0.47387173396674587 0.20840336134453782 0.1377672209026128
3 0.7302521008403361 0.4524940617577197 0.3915966386554622 0.028503562945368172
3 0.26134453781512607 0.6074821852731591 0.28403361344537814 0.10332541567695962
3 0.5638655462184874 0.6045130641330166 0.06554621848739496 0.0166270783847981
3 0.1949579831932773 0.7286223277909739 0.1411764705882353 0.11995249406175772
3 0.4260504201680672 0.7375296912114014 0.18319327731092436 0.028503562945368172
3 0.16638655462184873 0.830166270783848 0.08403361344537816 0.0688836104513064
3 0.5596638655462185 0.832541567695962 0.06386554621848739 0.07838479809976247
3 0.21260504201680672 0.8960807600950119 0.17983193277310924 0.029691211401425176