3 0.24201680672268908 0.06532066508313539 0.2184873949579832 0.0166270783847981
3 0.5361344537815126 0.09026128266033254 0.49747899159663866 0.026128266033254157
3 0.20168067226890757 0.11520190023752969 0.14789915966386555 0.023752969121140142
3 0.226890756302521 0.19061757719714964 0.22521008403361345 0.10095011876484561
3 0.7285714285714285 0.1490498812351544 0.38487394957983195 0.022565320665083134
3 0.7310924369747899 0.3004750593824228 0.39663865546218485 0.023752969121140142
3 0.7327731092436974 0.45427553444180524 0.3899159663865546 0.027315914489311165
3 0.17142857142857143 0.2642517814726841 0.12100840336134454 0.022565320665083134
3 0.22941176470588234 0.342042755344418 0.21008403361344538 0.0997624703087886
3 0.21512605042016808 0.416270783847981 0.1815126050420168 0.02494061757719715
3 0.23277310924369748 0.49049881235154397 0.2235294117647059 0.09738717339667459
3 0.2714285714285714 0.5944180522565321 0.30084033613445377 0.07719714964370546
3 0.5663865546218487 0.6039192399049881 0.06722689075630252 0.027315914489311165
3 0.1957983193277311 0.7155581947743468 0.146218487394958 0.14370546318289787
3 0.4294117647058823 0.7042755344418052 0.19327731092436976 0.08788598574821853
3 0.15798319327731092 0.832541567695962 0.08739495798319327 0.06175771971496437
3 0.5647058823529412 0.8307600950118765 0.05714285714285714 0.06294536817102138
3 0.21008403361344538 0.8948931116389549 0.18487394957983194 0.02494061757719715