3 0.5319327731092437 0.08907363420427554 0.28739495798319326 0.030878859857482184
3 0.2042016806722689 0.11401425178147269 0.16302521008403362 0.023752969121140142
3 0.2319327731092437 0.18883610451306412 0.21512605042016808 0.10688836104513064
3 0.7302521008403361 0.15320665083135393 0.3815126050420168 0.035629453681710214
3 0.18319327731092436 0.2672209026128266 0.10756302521008404 0.026128266033254157
3 0.2319327731092437 0.34323040380047504 0.20840336134453782 0.10926365795724466
3 0.7352941176470589 0.3028503562945368 0.4016806722689076 0.028503562945368172
3 0.21512605042016808 0.4168646080760095 0.17142857142857143 0.021377672209026127
3 0.226890756302521 0.49287410926365793 0.21512605042016808 0.10688836104513064
3 0.7344537815126051 0.4524940617577197 0.40336134453781514 0.0332541567695962
3 0.23109243697478993 0.6353919239904988 0.2235294117647059 0.16389548693586697
3 0.7361344537815127 0.6074821852731591 0.3865546218487395 0.03681710213776722
3 0.5983193277310924 0.7066508313539193 0.12100840336134454 0.028503562945368172
3 0.23529411764705882 0.7583135391923991 0.22521008403361345 0.060570071258907364
3 0.5932773109243697 0.7660332541567696 0.12436974789915967 0.047505938242280284
3 0.23445378151260504 0.8295724465558195 0.21680672268907564 0.05819477434679335
3 0.5957983193277311 0.8355106888361045 0.14285714285714285 0.055819477434679333
3 0.18739495798319328 0.8895486935866983 0.15630252100840336 0.04275534441805225