3 0.4924496644295302 0.09026128266033254 0.11241610738255034 0.03800475059382423
3 0.11409395973154363 0.14608076009501186 0.06040268456375839 0.021377672209026127
3 0.3070469798657718 0.14726840855106887 0.030201342281879196 0.023752969121140142
3 0.7768456375838926 0.14726840855106887 0.2214765100671141 0.023752969121140142
3 0.5427852348993288 0.17755344418052257 0.5587248322147651 0.022565320665083134
3 0.3976510067114094 0.20249406175771972 0.5704697986577181 0.02494061757719715
3 0.41359060402684567 0.22862232779097388 0.6023489932885906 0.020190023752969122
3 0.18456375838926176 0.2517814726840855 0.14429530201342283 0.019002375296912115
3 0.2802013422818792 0.2749406175771972 0.3422818791946309 0.020190023752969122
3 0.3640939597315436 0.2975059382422803 0.1476510067114094 0.020190023752969122
3 0.5738255033557047 0.29631828978622327 0.11073825503355705 0.020190023752969122
3 0.7659395973154363 0.29631828978622327 0.08892617449664429 0.017814726840855107
3 0.8162751677852349 0.3182897862232779 0.1929530201342282 0.021377672209026127
3 0.5838926174496645 0.3176959619952494 0.12751677852348994 0.017814726840855107
3 0.6065436241610739 0.33907363420427555 0.16946308724832215 0.017814726840855107
3 0.36661073825503354 0.3182897862232779 0.14597315436241612 0.0166270783847981
3 0.3859060402684564 0.33907363420427555 0.1912751677852349 0.017814726840855107
3 0.4278523489932886 0.36045130641330164 0.2751677852348993 0.017814726840855107
3 0.7592281879194631 0.36104513064133015 0.313758389261745 0.021377672209026127
3 0.5033557046979866 0.3824228028503563 0.4261744966442953 0.021377672209026127
3 0.48322147651006714 0.40380047505938244 0.3859060402684564 0.0166270783847981
3 0.4798657718120805 0.42577197149643703 0.3825503355704698 0.020190023752969122
3 0.3196308724832215 0.44536817102137766 0.05536912751677853 0.019002375296912115
3 0.3615771812080537 0.4857482185273159 0.5385906040268457 0.0166270783847981
3 0.16191275167785235 0.517814726840855 0.07885906040268456 0.021377672209026127
3 0.42953020134228187 0.5528503562945368 0.11409395973154363 0.022565320665083134
3 0.14093959731543623 0.5944180522565321 0.11073825503355705 0.022565320665083134
3 0.5192953020134228 0.5950118764845606 0.06879194630872483 0.021377672209026127
3 0.6317114093959731 0.6163895486935868 0.2902684563758389 0.014251781472684086
3 0.19463087248322147 0.6169833729216152 0.2181208053691275 0.017814726840855107
3 0.4463087248322148 0.6490498812351544 0.7214765100671141 0.039192399049881234
3 0.11996644295302013 0.6805225653206651 0.07214765100671142 0.019002375296912115
3 0.14261744966442952 0.7161520190023754 0.10738255033557047 0.019002375296912115
3 0.5167785234899329 0.7143705463182898 0.06375838926174497 0.017814726840855107
3 0.6350671140939598 0.7363420427553444 0.29697986577181207 0.019002375296912115
3 0.19211409395973153 0.7381235154394299 0.20973154362416108 0.017814726840855107
3 0.44546979865771813 0.7701900237529691 0.7130872483221476 0.039192399049881234
3 0.11996644295302013 0.8016627078384798 0.06208053691275168 0.019002375296912115
3 0.5033557046979866 0.8931116389548693 0.8355704697986577 0.026128266033254157
0 0.09983221476510067 0.20190023752969122 0.02181208053691275 0.019002375296912115
0 0.09983221476510067 0.22862232779097388 0.025167785234899327 0.020190023752969122
0 0.09983221476510067 0.25415676959619954 0.025167785234899327 0.0166270783847981
0 0.09815436241610738 0.27612826603325413 0.02181208053691275 0.017814726840855107
0 0.276006711409396 0.29631828978622327 0.02181208053691275 0.015439429928741092
0 0.5083892617449665 0.29691211401425177 0.026845637583892617 0.0166270783847981
0 0.7088926174496645 0.2975059382422803 0.02181208053691275 0.020190023752969122
0 0.7080536912751678 0.3182897862232779 0.02348993288590604 0.0166270783847981
0 0.5092281879194631 0.3182897862232779 0.02181208053691275 0.019002375296912115
0 0.27936241610738255 0.3176959619952494 0.02181208053691275 0.017814726840855107
0 0.2802013422818792 0.33907363420427555 0.026845637583892617 0.020190023752969122
0 0.5083892617449665 0.33966745843230406 0.02348993288590604 0.019002375296912115
0 0.5914429530201343 0.36104513064133015 0.025167785234899327 0.019002375296912115
0 0.2785234899328859 0.36223277909738716 0.02348993288590604 0.0166270783847981
0 0.2785234899328859 0.3830166270783848 0.02348993288590604 0.017814726840855107
0 0.27768456375838924 0.40380047505938244 0.02181208053691275 0.0166270783847981
0 0.2785234899328859 0.42577197149643703 0.02348993288590604 0.017814726840855107
0 0.2785234899328859 0.44655581947743467 0.02348993288590604 0.019002375296912115