3 0.5403361344537815 0.09085510688836104 0.3983193277310924 0.0344418052256532
3 0.21680672268907564 0.17399049881235154 0.1949579831932773 0.14370546318289787
3 0.7310924369747899 0.1502375296912114 0.3865546218487395 0.029691211401425176
3 0.2319327731092437 0.32422802850356297 0.21512605042016808 0.14014251781472684
3 0.7336134453781512 0.3010688836104513 0.3915966386554622 0.020190023752969122
3 0.22857142857142856 0.47268408551068886 0.20504201680672268 0.14014251781472684
3 0.7302521008403361 0.45368171021377673 0.3949579831932773 0.028503562945368172
3 0.23529411764705882 0.6146080760095012 0.2319327731092437 0.12470308788598575
3 0.7294117647058823 0.6068883610451307 0.3899159663865546 0.0332541567695962
3 0.18319327731092436 0.7387173396674585 0.12100840336134454 0.1021377672209026
3 0.42100840336134454 0.7369358669833729 0.17647058823529413 0.027315914489311165
3 0.16974789915966387 0.830166270783848 0.10084033613445378 0.06413301662707839
3 0.5621848739495798 0.8307600950118765 0.05546218487394958 0.08669833729216152
3 0.21512605042016808 0.8948931116389549 0.17142857142857143 0.02494061757719715