3 0.5008389261744967 0.08135391923990498 0.41442953020134227 0.0344418052256532
3 0.25838926174496646 0.12173396674584323 0.3422818791946309 0.020190023752969122
3 0.5620805369127517 0.11935866983372921 0.17114093959731544 0.022565320665083134
3 0.5645973154362416 0.14548693586698339 0.1761744966442953 0.020190023752969122
3 0.5604026845637584 0.17161520190023752 0.16778523489932887 0.02494061757719715
3 0.6568791946308725 0.2001187648456057 0.37080536912751677 0.027315914489311165
3 0.1401006711409396 0.23990498812351543 0.10570469798657718 0.019002375296912115
3 0.7290268456375839 0.24287410926365796 0.34731543624161076 0.02494061757719715
3 0.3783557046979866 0.2666270783847981 0.1761744966442953 0.020190023752969122
3 0.15016778523489932 0.2660332541567696 0.031879194630872486 0.021377672209026127
3 0.18036912751677853 0.3081947743467934 0.18288590604026847 0.020190023752969122
3 0.8120805369127517 0.3081947743467934 0.16778523489932887 0.022565320665083134
3 0.40687919463087246 0.24049881235154394 0.031879194630872486 0.017814726840855107
3 0.4714765100671141 0.24049881235154394 0.030201342281879196 0.020190023752969122
3 0.5302013422818792 0.24049881235154394 0.026845637583892617 0.027315914489311165
3 0.20553691275167785 0.2654394299287411 0.028523489932885907 0.022565320665083134
3 0.2684563758389262 0.2672209026128266 0.02348993288590604 0.021377672209026127
3 0.3213087248322148 0.30581947743467935 0.028523489932885907 0.017814726840855107
3 0.3850671140939597 0.3081947743467934 0.025167785234899327 0.020190023752969122
3 0.5578859060402684 0.30463182897862234 0.04865771812080537 0.020190023752969122
3 0.21728187919463088 0.331353919239905 0.15604026845637584 0.019002375296912115
3 0.3464765100671141 0.331353919239905 0.025167785234899327 0.0166270783847981
3 0.4236577181208054 0.3307600950118765 0.05201342281879195 0.020190023752969122
3 0.5 0.331353919239905 0.026845637583892617 0.019002375296912115
3 0.5738255033557047 0.3319477434679335 0.04697986577181208 0.017814726840855107
3 0.6593959731543624 0.3319477434679335 0.10067114093959731 0.022565320665083134
3 0.18288590604026847 0.37173396674584325 0.17785234899328858 0.021377672209026127
3 0.32466442953020136 0.37292161520190026 0.028523489932885907 0.023752969121140142
3 0.3859060402684564 0.37292161520190026 0.020134228187919462 0.026128266033254157
3 0.62248322147651 0.37054631828978624 0.04697986577181208 0.028503562945368172
3 0.7265100671140939 0.37410926365795727 0.0738255033557047 0.021377672209026127
3 0.8531879194630873 0.37292161520190026 0.09563758389261745 0.023752969121140142
3 0.20889261744966442 0.3990498812351544 0.06879194630872483 0.019002375296912115
3 0.33557046979865773 0.3990498812351544 0.09731543624161074 0.021377672209026127
3 0.5528523489932886 0.3996437054631829 0.2634228187919463 0.020190023752969122
3 0.16946308724832215 0.4245843230403801 0.050335570469798654 0.017814726840855107
3 0.25671140939597314 0.42280285035629456 0.02348993288590604 0.021377672209026127
3 0.3221476510067114 0.42636579572446553 0.026845637583892617 0.021377672209026127
3 0.5343959731543624 0.42399049881235157 0.3775167785234899 0.023752969121140142
3 0.7860738255033557 0.4251781472684085 0.028523489932885907 0.023752969121140142
3 0.863255033557047 0.4245843230403801 0.05536912751677853 0.022565320665083134
3 0.1837248322147651 0.4519002375296912 0.025167785234899327 0.020190023752969122
3 0.2600671140939597 0.4507125890736342 0.050335570469798654 0.022565320665083134
3 0.34731543624161076 0.4524940617577197 0.10067114093959731 0.021377672209026127
3 0.14093959731543623 0.49465558194774345 0.11073825503355705 0.022565320665083134
3 0.2978187919463087 0.5409738717339667 0.4211409395973154 0.029691211401425176
3 0.16946308724832215 0.5736342042755345 0.06711409395973154 0.026128266033254157
3 0.37583892617449666 0.6074821852731591 0.1342281879194631 0.022565320665083134
3 0.23657718120805368 0.6793349168646081 0.2785234899328859 0.08076009501187649
3 0.75251677852349 0.6561757719714965 0.09563758389261745 0.032066508313539195
3 0.2273489932885906 0.7737529691211401 0.27684563758389263 0.06769596199524941
3 0.7491610738255033 0.7470308788598575 0.08892617449664429 0.030878859857482184
3 0.14513422818791946 0.838479809976247 0.11577181208053691 0.023752969121140142
3 0.42953020134228187 0.838479809976247 0.03355704697986577 0.023752969121140142
3 0.6577181208053692 0.8408551068883611 0.0436241610738255 0.028503562945368172
3 0.8884228187919463 0.8432304038004751 0.031879194630872486 0.026128266033254157
3 0.4974832214765101 0.8800475059382423 0.8171140939597316 0.030878859857482184
0 0.4588926174496644 0.12054631828978622 0.031879194630872486 0.020190023752969122
0 0.4588926174496644 0.14548693586698339 0.031879194630872486 0.020190023752969122
0 0.45721476510067116 0.17220902612826602 0.03523489932885906 0.021377672209026127
0 0.45805369127516776 0.2007125890736342 0.030201342281879196 0.023752969121140142
0 0.4429530201342282 0.2375296912114014 0.030201342281879196 0.023752969121140142
0 0.5016778523489933 0.2375296912114014 0.026845637583892617 0.023752969121140142
0 0.17869127516778524 0.2654394299287411 0.025167785234899327 0.020190023752969122
0 0.2407718120805369 0.2660332541567696 0.028523489932885907 0.026128266033254157
0 0.29697986577181207 0.30581947743467935 0.030201342281879196 0.022565320665083134
0 0.3565436241610738 0.30581947743467935 0.028523489932885907 0.02494061757719715
0 0.6098993288590604 0.30403800475059384 0.031879194630872486 0.023752969121140142
0 0.6736577181208053 0.30700712589073637 0.028523489932885907 0.022565320665083134
0 0.3221476510067114 0.3319477434679335 0.030201342281879196 0.020190023752969122
0 0.3850671140939597 0.3319477434679335 0.031879194630872486 0.022565320665083134
0 0.4714765100671141 0.332541567695962 0.030201342281879196 0.023752969121140142
0 0.5343959731543624 0.331353919239905 0.028523489932885907 0.021377672209026127
0 0.2978187919463087 0.37232779097387175 0.031879194630872486 0.022565320665083134
0 0.3615771812080537 0.37292161520190026 0.028523489932885907 0.021377672209026127
0 0.674496644295302 0.37173396674584325 0.030201342281879196 0.021377672209026127
0 0.7885906040268457 0.37232779097387175 0.030201342281879196 0.020190023752969122
0 0.1552013422818792 0.3978622327790974 0.031879194630872486 0.019002375296912115
0 0.2701342281879195 0.3978622327790974 0.030201342281879196 0.019002375296912115
0 0.23154362416107382 0.42339667458432306 0.030201342281879196 0.020190023752969122
0 0.2961409395973154 0.4245843230403801 0.028523489932885907 0.022565320665083134
0 0.7609060402684564 0.4245843230403801 0.028523489932885907 0.022565320665083134
0 0.8238255033557047 0.4251781472684085 0.030201342281879196 0.023752969121140142
0 0.1568791946308725 0.4507125890736342 0.028523489932885907 0.022565320665083134
0 0.22063758389261745 0.4507125890736342 0.028523489932885907 0.020190023752969122
1 0.28859060402684567 0.2375296912114014 0.18456375838926176 0.021377672209026127
1 0.47231543624161076 0.30522565320665085 0.12583892617449666 0.021377672209026127
1 0.7944630872483222 0.333729216152019 0.16275167785234898 0.019002375296912115
1 0.5 0.37232779097387175 0.17785234899328858 0.022565320665083134
1 0.7827181208053692 0.3984560570071259 0.18959731543624161 0.022565320665083134
1 0.49580536912751677 0.4524940617577197 0.18288590604026847 0.021377672209026127
1 0.4639261744966443 0.4910926365795725 0.5218120805369127 0.022565320665083134
1 0.200503355704698 0.6057007125890737 0.21308724832214765 0.026128266033254157