3 0.5813758389261745 0.07363420427553444 0.2533557046979866 0.0498812351543943
3 0.10738255033557047 0.11460807600950118 0.08389261744966443 0.020190023752969122
3 0.19630872483221476 0.11520190023752969 0.04697986577181208 0.0166270783847981
3 0.30201342281879195 0.1163895486935867 0.12751677852348994 0.0166270783847981
3 0.23657718120805368 0.13064133016627077 0.12751677852348994 0.0166270783847981
3 0.6023489932885906 0.10926365795724466 0.06040268456375839 0.0166270783847981
3 0.6837248322147651 0.10866983372921615 0.05536912751677853 0.010688836104513063
3 0.837248322147651 0.10985748218527316 0.20469798657718122 0.015439429928741092
3 0.7734899328859061 0.12589073634204276 0.2348993288590604 0.0166270783847981
3 0.11073825503355705 0.15914489311163896 0.09731543624161074 0.030878859857482184
3 0.11241610738255034 0.19358669833729217 0.10067114093959731 0.028503562945368172
3 0.20721476510067113 0.22446555819477435 0.28691275167785235 0.030878859857482184
3 0.5956375838926175 0.22327790973871733 0.06040268456375839 0.035629453681710214
3 0.6426174496644296 0.2589073634204275 0.15771812080536912 0.030878859857482184
3 0.6073825503355704 0.29038004750593827 0.09395973154362416 0.029691211401425176
3 0.19043624161073824 0.2583135391923991 0.2533557046979866 0.032066508313539195
3 0.11577181208053691 0.2915676959619953 0.1040268456375839 0.032066508313539195
3 0.5461409395973155 0.3165083135391924 0.401006711409396 0.015439429928741092
3 0.5528523489932886 0.34382422802850354 0.4110738255033557 0.032066508313539195
3 0.40604026845637586 0.3842042755344418 0.12751677852348994 0.020190023752969122
3 0.4303691275167785 0.43883610451306415 0.16946308724832215 0.013064133016627079
3 0.19463087248322147 0.3847980997624703 0.21140939597315436 0.040380047505938245
3 0.19630872483221476 0.44002375296912116 0.22818791946308725 0.05819477434679335
3 0.2181208053691275 0.5148456057007126 0.31208053691275167 0.032066508313539195
3 0.17701342281879195 0.5475059382422803 0.22651006711409397 0.0332541567695962
3 0.16610738255033558 0.600356294536817 0.20469798657718122 0.0344418052256532
3 0.5947986577181208 0.6175771971496437 0.07550335570469799 0.030878859857482184
3 0.6048657718120806 0.6508313539192399 0.10234899328859061 0.030878859857482184
3 0.20134228187919462 0.6318289786223278 0.2751677852348993 0.028503562945368172
3 0.2634228187919463 0.6656769596199525 0.39932885906040266 0.032066508313539195
3 0.12416107382550336 0.6983372921615202 0.12416107382550336 0.028503562945368172
3 0.27768456375838924 0.7541567695961995 0.43456375838926176 0.035629453681710214
3 0.10234899328859061 0.7874109263657957 0.0738255033557047 0.030878859857482184
3 0.12332214765100671 0.8212589073634204 0.12583892617449666 0.032066508313539195
3 0.11996644295302013 0.8568883610451307 0.10906040268456375 0.032066508313539195
3 0.16023489932885907 0.8889548693586699 0.1929530201342282 0.029691211401425176
3 0.1266778523489933 0.922209026128266 0.12583892617449666 0.032066508313539195
3 0.6426174496644296 0.8562945368171021 0.15771812080536912 0.028503562945368172
3 0.6635906040268457 0.8895486935866983 0.19966442953020133 0.030878859857482184
3 0.6593959731543624 0.922209026128266 0.18456375838926176 0.032066508313539195
3 0.9110738255033557 0.7541567695961995 0.07718120805369127 0.0332541567695962
3 0.9093959731543624 0.7880047505938242 0.08389261744966443 0.032066508313539195
3 0.9119127516778524 0.8236342042755345 0.08557046979865772 0.032066508313539195
0 0.16191275167785235 0.11520190023752969 0.02181208053691275 0.014251781472684086
0 0.22986577181208054 0.11520190023752969 0.020134228187919462 0.0166270783847981
0 0.16275167785234898 0.13123515439429928 0.020134228187919462 0.015439429928741092
0 0.6459731543624161 0.10926365795724466 0.020134228187919462 0.0166270783847981
0 0.6476510067114094 0.12707838479809977 0.020134228187919462 0.0166270783847981
0 0.7239932885906041 0.11045130641330166 0.02181208053691275 0.0166270783847981