3 0.5008389261744967 0.09441805225653206 0.4110738255033557 0.05344418052256532
3 0.2407718120805369 0.15201900237529692 0.19966442953020133 0.023752969121140142
3 0.714765100671141 0.15201900237529692 0.28523489932885904 0.026128266033254157
3 0.20973154362416108 0.18705463182897863 0.15436241610738255 0.022565320665083134
3 0.35067114093959734 0.22209026128266032 0.4429530201342282 0.023752969121140142
3 0.2726510067114094 0.25950118764845603 0.2902684563758389 0.020190023752969122
3 0.6694630872483222 0.25950118764845603 0.2751677852348993 0.017814726840855107
3 0.36325503355704697 0.2826603325415677 0.4513422818791946 0.0166270783847981
3 0.7944630872483222 0.28028503562945367 0.12248322147651007 0.021377672209026127
3 0.17953020134228187 0.3004750593824228 0.07718120805369127 0.0166270783847981
3 0.48070469798657717 0.30344418052256533 0.4714765100671141 0.015439429928741092
3 0.5050335570469798 0.33669833729216153 0.7348993288590604 0.039192399049881234
3 0.23825503355704697 0.3990498812351544 0.11409395973154363 0.019002375296912115
3 0.5276845637583892 0.43646080760095013 0.38422818791946306 0.022565320665083134
3 0.2575503355704698 0.5077197149643705 0.22651006711409397 0.022565320665083134
3 0.43456375838926176 0.581353919239905 0.5906040268456376 0.08907363420427554
3 0.4395973154362416 0.7209026128266033 0.610738255033557 0.09263657957244656
3 0.5109060402684564 0.8307600950118765 0.7399328859060402 0.048693586698337295
3 0.25 0.8871733966745843 0.23154362416107382 0.019002375296912115
3 0.4563758389261745 0.8871733966745843 0.12080536912751678 0.023752969121140142
3 0.3238255033557047 0.9121140142517815 0.3724832214765101 0.021377672209026127
3 0.375 0.1876484560570071 0.11577181208053691 0.023752969121140142
3 0.6703020134228188 0.1876484560570071 0.11912751677852348 0.021377672209026127
1 0.4546979865771812 0.1543942992874109 0.22483221476510068 0.028503562945368172
1 0.50251677852349 0.19002375296912113 0.12919463087248323 0.023752969121140142
1 0.7944630872483222 0.19061757719714964 0.12248322147651007 0.02494061757719715
0 0.3028523489932886 0.18942992874109263 0.028523489932885907 0.02494061757719715
0 0.2348993288590604 0.3022565320665083 0.016778523489932886 0.017814726840855107
0 0.5947986577181208 0.18883610451306412 0.028523489932885907 0.026128266033254157
0 0.8213087248322147 0.2583135391923991 0.018456375838926176 0.015439429928741092
1 0.4773489932885906 0.26187648456057006 0.10570469798657718 0.017814726840855107
1 0.6635906040268457 0.2814726840855107 0.13926174496644295 0.0166270783847981
1 0.7927852348993288 0.30463182897862234 0.14261744966442952 0.017814726840855107
1 0.23825503355704697 0.4358669833729216 0.1912751677852349 0.021377672209026127
0 0.3800335570469799 0.8859857482185273 0.031879194630872486 0.026128266033254157