3 0.4488255033557047 0.17280285035629453 0.2701342281879195 0.022565320665083134
3 0.18624161073825504 0.22921615201900236 0.12416107382550336 0.019002375296912115
3 0.39681208053691275 0.2856294536817102 0.10570469798657718 0.020190023752969122
3 0.412751677852349 0.40676959619952496 0.11073825503355705 0.02494061757719715
3 0.24412751677852348 0.5148456057007126 0.0587248322147651 0.029691211401425176
3 0.6870805369127517 0.5148456057007126 0.0587248322147651 0.032066508313539195
3 0.8330536912751678 0.40676959619952496 0.11241610738255034 0.032066508313539195
3 0.822986577181208 0.2850356294536817 0.10234899328859061 0.028503562945368172
3 0.8481543624161074 0.22743467933491687 0.04865771812080537 0.020190023752969122
1 0.22818791946308725 0.2850356294536817 0.2214765100671141 0.023752969121140142
1 0.6921140939597316 0.22684085510688837 0.25 0.028503562945368172
1 0.6577181208053692 0.28800475059382424 0.2214765100671141 0.022565320665083134
1 0.6711409395973155 0.41033254156769594 0.21140939597315436 0.020190023752969122
1 0.7164429530201343 0.48990498812351546 0.31208053691275167 0.027315914489311165
1 0.22818791946308725 0.40558194774346795 0.22483221476510068 0.029691211401425176
1 0.27936241610738255 0.48871733966745845 0.3271812080536913 0.029691211401425176