3 0.5302013422818792 0.08610451306413301 0.28523489932885904 0.03681710213776722
3 0.2256711409395973 0.1656769596199525 0.21308724832214765 0.13895486935866982
3 0.7156040268456376 0.14726840855106887 0.37416107382550334 0.023752969121140142
3 0.49077181208053694 0.21437054631828978 0.12919463087248323 0.022565320665083134
3 0.23070469798657717 0.3010688836104513 0.2063758389261745 0.12707838479809977
3 0.4941275167785235 0.35570071258907365 0.12583892617449666 0.029691211401425176
3 0.7223154362416108 0.28859857482185275 0.39429530201342283 0.026128266033254157
3 0.23573825503355705 0.4245843230403801 0.2231543624161074 0.09382422802850356
3 0.7181208053691275 0.4245843230403801 0.38926174496644295 0.02494061757719715
3 0.1988255033557047 0.5124703087885986 0.15268456375838926 0.05819477434679335
3 0.200503355704698 0.6383610451306413 0.15268456375838926 0.022565320665083134
3 0.5855704697986577 0.6395486935866983 0.12416107382550336 0.027315914489311165
3 0.7139261744966443 0.748812351543943 0.38422818791946306 0.02494061757719715
3 0.18540268456375839 0.8147268408551069 0.13926174496644295 0.09738717339667459
3 0.41946308724832215 0.8016627078384798 0.1912751677852349 0.028503562945368172