3 0.18288590604026847 0.10095011876484561 0.06711409395973154 0.019002375296912115
3 0.4337248322147651 0.13123515439429928 0.5654362416107382 0.022565320665083134
3 0.822986577181208 0.13064133016627077 0.03859060402684564 0.0166270783847981
3 0.29697986577181207 0.15380047505938244 0.30201342281879195 0.015439429928741092
3 0.6384228187919463 0.15320665083135393 0.12248322147651007 0.019002375296912115
3 0.8380872483221476 0.15380047505938244 0.025167785234899327 0.020190023752969122
3 0.1593959731543624 0.17577197149643706 0.02348993288590604 0.019002375296912115
3 0.33557046979865773 0.17517814726840855 0.1342281879194631 0.020190023752969122
3 0.5041946308724832 0.24821852731591448 0.7197986577181208 0.10926365795724466
3 0.29446308724832215 0.3182897862232779 0.3036912751677852 0.021377672209026127
3 0.4974832214765101 0.3818289786223278 0.7063758389261745 0.09144893111638955
3 0.5151006711409396 0.46258907363420426 0.738255033557047 0.05344418052256532
3 0.39848993288590606 0.661520190023753 0.4546979865771812 0.2517814726840855
1 0.7583892617449665 0.1330166270783848 0.0738255033557047 0.028503562945368172
1 0.5109060402684564 0.15617577197149643 0.11577181208053691 0.020190023752969122
1 0.761744966442953 0.15676959619952494 0.11073825503355705 0.019002375296912115
1 0.511744966442953 0.17636579572446556 0.21140939597315436 0.020190023752969122
1 0.21728187919463088 0.17695961995249407 0.08892617449664429 0.021377672209026127