3 0.511744966442953 0.10391923990498812 0.3724832214765101 0.048693586698337295
3 0.17281879194630873 0.14311163895486936 0.06711409395973154 0.022565320665083134
3 0.7810402684563759 0.14429928741092637 0.23657718120805368 0.017814726840855107
3 0.17365771812080538 0.1680522565320665 0.07214765100671142 0.017814726840855107
3 0.31208053691275167 0.1680522565320665 0.02348993288590604 0.017814726840855107
3 0.40436241610738255 0.167458432304038 0.026845637583892617 0.019002375296912115
3 0.5192953020134228 0.1668646080760095 0.07214765100671142 0.022565320665083134
3 0.6593959731543624 0.1680522565320665 0.02348993288590604 0.020190023752969122
3 0.7516778523489933 0.167458432304038 0.020134228187919462 0.023752969121140142
3 0.8657718120805369 0.166270783847981 0.06711409395973154 0.019002375296912115
3 0.16191275167785235 0.19121140142517815 0.04865771812080537 0.019002375296912115
3 0.537751677852349 0.19061757719714964 0.3976510067114094 0.022565320665083134
3 0.8917785234899329 0.19180522565320665 0.031879194630872486 0.017814726840855107
3 0.33640939597315433 0.21496437054631828 0.401006711409396 0.019002375296912115
3 0.19798657718120805 0.23990498812351543 0.11409395973154363 0.014251781472684086
3 0.6233221476510067 0.23990498812351543 0.15604026845637584 0.019002375296912115
3 0.5184563758389261 0.2642517814726841 0.7751677852348994 0.013064133016627079
3 0.22063758389261745 0.28859857482185275 0.17953020134228187 0.014251781472684086
3 0.5704697986577181 0.2862232779097387 0.040268456375838924 0.0166270783847981
3 0.834731543624161 0.28741092636579574 0.14261744966442952 0.0166270783847981
3 0.14429530201342283 0.31057007125890734 0.020134228187919462 0.013064133016627079
3 0.6182885906040269 0.31057007125890734 0.5855704697986577 0.015439429928741092
3 0.26426174496644295 0.334916864608076 0.26677852348993286 0.0166270783847981
3 0.32802013422818793 0.35688836104513066 0.3104026845637584 0.017814726840855107
3 0.3598993288590604 0.37826603325415675 0.37416107382550334 0.022565320665083134
3 0.3951342281879195 0.4020190023752969 0.45805369127516776 0.017814726840855107
3 0.3196308724832215 0.4245843230403801 0.29697986577181207 0.020190023752969122
3 0.412751677852349 0.4471496437054632 0.4798657718120805 0.020190023752969122
3 0.5318791946308725 0.47030878859857483 0.7181208053691275 0.0166270783847981
3 0.5041946308724832 0.502375296912114 0.6694630872483222 0.040380047505938245
3 0.5075503355704698 0.5374109263657957 0.6694630872483222 0.022565320665083134
3 0.23238255033557048 0.5599762470308789 0.12248322147651007 0.017814726840855107
3 0.23573825503355705 0.5979809976247031 0.10570469798657718 0.020190023752969122
3 0.5956375838926175 0.6235154394299287 0.3825503355704698 0.023752969121140142
3 0.2181208053691275 0.6579572446555819 0.19463087248322147 0.021377672209026127
3 0.36325503355704697 0.6906175771971497 0.4815436241610738 0.015439429928741092
3 0.3464765100671141 0.7274346793349169 0.4077181208053691 0.039192399049881234
3 0.8179530201342282 0.6929928741092637 0.14597315436241612 0.02494061757719715
3 0.8204697986577181 0.7666270783847982 0.1476510067114094 0.027315914489311165
3 0.822986577181208 0.8402612826603325 0.1493288590604027 0.017814726840855107
3 0.3640939597315436 0.7885985748218527 0.4865771812080537 0.05938242280285035
3 0.33557046979865773 0.8622327790973872 0.43288590604026844 0.06175771971496437
3 0.473993288590604 0.9180522565320665 0.7030201342281879 0.0166270783847981
3 0.5058724832214765 0.9376484560570071 0.14597315436241612 0.015439429928741092
1 0.26929530201342283 0.6282660332541568 0.2533557046979866 0.014251781472684086
1 0.5931208053691275 0.5641330166270784 0.5889261744966443 0.0166270783847981
1 0.23825503355704697 0.31235154394299286 0.1610738255033557 0.021377672209026127
1 0.4312080536912752 0.28978622327790976 0.22818791946308725 0.019002375296912115
1 0.6795302013422819 0.28859857482185275 0.1610738255033557 0.021377672209026127
1 0.8062080536912751 0.24168646080760095 0.18624161073825504 0.020190023752969122
1 0.40268456375838924 0.24049881235154394 0.2751677852348993 0.017814726840855107
1 0.2625838926174497 0.19536817102137768 0.14597315436241612 0.015439429928741092
1 0.8070469798657718 0.19418052256532067 0.1342281879194631 0.017814726840855107
1 0.7969798657718121 0.16864608076009502 0.050335570469798654 0.019002375296912115
1 0.7072147651006712 0.16923990498812352 0.05201342281879195 0.017814726840855107
1 0.6023489932885906 0.16864608076009502 0.0738255033557047 0.0166270783847981
1 0.45050335570469796 0.16923990498812352 0.04530201342281879 0.017814726840855107
1 0.3573825503355705 0.17042755344418054 0.0436241610738255 0.015439429928741092
1 0.2525167785234899 0.17280285035629453 0.07214765100671142 0.013064133016627079
1 0.436241610738255 0.14489311163895488 0.43288590604026844 0.0166270783847981
0 0.15016778523489932 0.35629453681710216 0.028523489932885907 0.021377672209026127
0 0.1493288590604027 0.37945368171021376 0.030201342281879196 0.020190023752969122
0 0.1493288590604027 0.4008313539192399 0.030201342281879196 0.020190023752969122
0 0.1493288590604027 0.4245843230403801 0.030201342281879196 0.017814726840855107
0 0.1476510067114094 0.44655581947743467 0.03355704697986577 0.019002375296912115
0 0.14848993288590603 0.4691211401425178 0.031879194630872486 0.021377672209026127
0 0.14681208053691275 0.49228028503562943 0.031879194630872486 0.020190023752969122
0 0.1493288590604027 0.5362232779097387 0.03691275167785235 0.020190023752969122
0 0.1493288590604027 0.5617577197149644 0.03691275167785235 0.023752969121140142