3 0.6208053691275168 0.07125890736342043 0.412751677852349 0.047505938242280284
3 0.5058724832214765 0.75 0.8909395973154363 0.07482185273159145
3 0.09983221476510067 0.8378859857482185 0.08892617449664429 0.0344418052256532
3 0.12248322147651007 0.8723277909738717 0.1174496644295302 0.032066508313539195
3 0.16023489932885907 0.9061757719714965 0.19966442953020133 0.030878859857482184
3 0.13087248322147652 0.9388361045130641 0.14429530201342283 0.0344418052256532
3 0.5058724832214765 0.8396674584323041 0.07885906040268456 0.03800475059382423
3 0.6266778523489933 0.8366983372921615 0.12919463087248323 0.032066508313539195
3 0.6442953020134228 0.8717339667458432 0.1644295302013423 0.030878859857482184
3 0.662751677852349 0.9043942992874109 0.20134228187919462 0.032066508313539195
3 0.6552013422818792 0.9376484560570071 0.18624161073825504 0.029691211401425176
3 0.9110738255033557 0.8408551068883611 0.087248322147651 0.03800475059382423
3 0.23573825503355705 0.6549881235154394 0.34731543624161076 0.017814726840855107
3 0.4639261744966443 0.5944180522565321 0.8104026845637584 0.0344418052256532
3 0.5 0.5457244655581948 0.31543624161073824 0.029691211401425176
3 0.4597315436241611 0.5118764845605701 0.23154362416107382 0.030878859857482184
3 0.5453020134228188 0.3355106888361045 0.40268456375838924 0.015439429928741092
3 0.5394295302013423 0.36104513064133015 0.39093959731543626 0.030878859857482184
3 0.4488255033557047 0.39311163895486934 0.20973154362416108 0.030878859857482184
3 0.6761744966442953 0.418646080760095 0.4597315436241611 0.015439429928741092
3 0.5310402684563759 0.43646080760095013 0.1593959731543624 0.013064133016627079
3 0.4899328859060403 0.4524940617577197 0.08389261744966443 0.014251781472684086
3 0.6048657718120806 0.4685273159144893 0.313758389261745 0.015439429928741092
3 0.5310402684563759 0.48752969121140144 0.16610738255033558 0.015439429928741092
3 0.20721476510067113 0.39311163895486934 0.20973154362416108 0.03800475059382423
3 0.20721476510067113 0.4501187648456057 0.22986577181208054 0.06175771971496437
3 0.10822147651006711 0.2915676959619953 0.09228187919463088 0.032066508313539195
3 0.6124161073825504 0.26009501187648454 0.10067114093959731 0.035629453681710214
3 0.1669463087248322 0.2589073634204275 0.2063758389261745 0.030878859857482184
3 0.2063758389261745 0.22565320665083136 0.28859060402684567 0.028503562945368172
3 0.5947986577181208 0.22446555819477435 0.06543624161073826 0.030878859857482184
3 0.11241610738255034 0.19299287410926366 0.10738255033557047 0.029691211401425176
3 0.11325503355704698 0.15973871733966746 0.10234899328859061 0.029691211401425176
3 0.10822147651006711 0.11757719714964371 0.08221476510067115 0.014251781472684086
3 0.19546979865771813 0.11757719714964371 0.04865771812080537 0.011876484560570071
3 0.3053691275167785 0.11757719714964371 0.13087248322147652 0.014251781472684086
3 0.23741610738255034 0.1330166270783848 0.12919463087248323 0.014251781472684086
3 0.6015100671140939 0.10985748218527316 0.0587248322147651 0.010688836104513063
3 0.6820469798657718 0.10807600950118765 0.05536912751677853 0.0166270783847981
3 0.837248322147651 0.10985748218527316 0.20469798657718122 0.013064133016627079
3 0.7726510067114094 0.12470308788598575 0.23657718120805368 0.011876484560570071
0 0.1610738255033557 0.11757719714964371 0.020134228187919462 0.011876484560570071
0 0.16023489932885907 0.1336104513064133 0.018456375838926176 0.013064133016627079
0 0.22818791946308725 0.1169833729216152 0.016778523489932886 0.015439429928741092
0 0.6459731543624161 0.10807600950118765 0.016778523489932886 0.014251781472684086
0 0.6459731543624161 0.12529691211401425 0.020134228187919462 0.015439429928741092
0 0.7239932885906041 0.10985748218527316 0.015100671140939598 0.015439429928741092
0 0.436241610738255 0.417458432304038 0.020134228187919462 0.015439429928741092
0 0.436241610738255 0.4346793349168646 0.020134228187919462 0.0166270783847981
0 0.43708053691275167 0.4524940617577197 0.02181208053691275 0.014251781472684086
0 0.436241610738255 0.4685273159144893 0.02348993288590604 0.015439429928741092
0 0.4354026845637584 0.4857482185273159 0.02181208053691275 0.0166270783847981