3 0.584731543624161 0.09085510688836104 0.36073825503355705 0.048693586698337295
3 0.401006711409396 0.24703087885985747 0.6577181208053692 0.166270783847981
3 0.4161073825503356 0.37826603325415675 0.13758389261744966 0.09619952494061758
3 0.16191275167785235 0.5700712589073634 0.2063758389261745 0.0665083135391924
3 0.23909395973154363 0.6413301662707839 0.36073825503355705 0.035629453681710214
3 0.2902684563758389 0.8254156769596199 0.4664429530201342 0.19002375296912113
3 0.7332214765100671 0.8242280285035629 0.40604026845637586 0.1876484560570071
0 0.17030201342281878 0.13895486935866982 0.02181208053691275 0.014251781472684086
0 0.23741610738255034 0.13895486935866982 0.02181208053691275 0.0166270783847981
0 0.17030201342281878 0.15498812351543942 0.02181208053691275 0.013064133016627079
0 0.6526845637583892 0.13004750593824227 0.020134228187919462 0.015439429928741092
0 0.6526845637583892 0.14845605700712589 0.02348993288590604 0.019002375296912115
0 0.7298657718120806 0.13004750593824227 0.02348993288590604 0.020190023752969122
3 0.1115771812080537 0.13895486935866982 0.08557046979865772 0.0166270783847981
3 0.24496644295302014 0.15380047505938244 0.12751677852348994 0.015439429928741092
3 0.3145973154362416 0.13836104513064132 0.1325503355704698 0.015439429928741092
3 0.6090604026845637 0.12945368171021376 0.06375838926174497 0.0166270783847981
3 0.6904362416107382 0.12885985748218529 0.05201342281879195 0.017814726840855107
3 0.7810402684563759 0.1496437054631829 0.23657718120805368 0.0166270783847981
3 0.8473154362416108 0.12945368171021376 0.20469798657718122 0.023752969121140142