3 0.23277310924369748 0.06532066508313539 0.22016806722689075 0.019002375296912115
3 0.5378151260504201 0.08847980997624703 0.5008403361344538 0.027315914489311165
3 0.22521008403361345 0.17339667458432304 0.20504201680672268 0.14014251781472684
3 0.7294117647058823 0.1514251781472684 0.3899159663865546 0.029691211401425176
3 0.23025210084033612 0.32363420427553447 0.20840336134453782 0.13895486935866982
3 0.7327731092436974 0.3010688836104513 0.3865546218487395 0.027315914489311165
3 0.23445378151260504 0.47327790973871736 0.21680672268907564 0.13657957244655583
3 0.7285714285714285 0.45308788598574823 0.38823529411764707 0.029691211401425176
3 0.2865546218487395 0.6057007125890737 0.3243697478991597 0.10451306413301663
3 0.5672268907563025 0.6051068883610451 0.06890756302521009 0.020190023752969122
3 0.32100840336134456 0.7084323040380047 0.3865546218487395 0.07957244655581948
3 0.16554621848739495 0.7915676959619953 0.08571428571428572 0.06769596199524941
3 0.5638655462184874 0.7897862232779097 0.06218487394957983 0.0665083135391924
3 0.21428571428571427 0.8574821852731591 0.17647058823529413 0.028503562945368172