3 0.5293624161073825 0.08669833729216152 0.2902684563758389 0.030878859857482184
3 0.2516778523489933 0.16211401425178149 0.25838926174496646 0.13182897862232779
3 0.7164429530201343 0.1508313539192399 0.3825503355704698 0.030878859857482184
3 0.2273489932885906 0.29334916864608074 0.21644295302013422 0.11163895486935867
3 0.7214765100671141 0.28859857482185275 0.3959731543624161 0.030878859857482184
3 0.23657718120805368 0.06591448931116389 0.2214765100671141 0.02494061757719715
3 0.2332214765100671 0.407957244655582 0.2181208053691275 0.09857482185273159
3 0.7139261744966443 0.40973871733966744 0.38422818791946306 0.026128266033254157
3 0.200503355704698 0.49643705463182897 0.15268456375838926 0.05938242280285035
3 0.19966442953020133 0.6241092636579573 0.15100671140939598 0.027315914489311165
3 0.5864093959731543 0.6247030878859857 0.12919463087248323 0.0332541567695962
3 0.7139261744966443 0.732185273159145 0.3808724832214765 0.02494061757719715
3 0.31291946308724833 0.7998812351543944 0.38422818791946306 0.09619952494061758