3 0.23361344537815126 0.06532066508313539 0.21512605042016808 0.019002375296912115
3 0.5386554621848739 0.08907363420427554 0.34789915966386553 0.035629453681710214
3 0.2008403361344538 0.11460807600950118 0.15294117647058825 0.02494061757719715
3 0.22605042016806723 0.19061757719714964 0.2134453781512605 0.11045130641330166
3 0.7302521008403361 0.15380047505938244 0.3915966386554622 0.02494061757719715
3 0.23277310924369748 0.32363420427553447 0.22016806722689075 0.13895486935866982
3 0.726890756302521 0.30403800475059384 0.4050420168067227 0.035629453681710214
3 0.21092436974789916 0.416270783847981 0.173109243697479 0.02494061757719715
3 0.22773109243697479 0.49228028503562943 0.2 0.10332541567695962
3 0.7294117647058823 0.4519002375296912 0.39327731092436974 0.02494061757719715
3 0.22941176470588234 0.6033254156769596 0.21680672268907564 0.1021377672209026
3 0.5714285714285714 0.6146080760095012 0.09411764705882353 0.04156769596199525
3 0.526890756302521 0.7357482185273159 0.7983193277310925 0.14845605700712589
3 0.1781512605042017 0.8527315914489311 0.11428571428571428 0.0688836104513064
3 0.565546218487395 0.8491686460807601 0.07563025210084033 0.0688836104513064
3 0.21260504201680672 0.915083135391924 0.173109243697479 0.02494061757719715