0 0.5016778523489933 0.08847980997624703 0.3422818791946309 0.05344418052256532
3 0.20218120805369127 0.16152019002375298 0.18288590604026847 0.047505938242280284
3 0.7835570469798657 0.15795724465558195 0.24161073825503357 0.047505938242280284
3 0.5100671140939598 0.21971496437054633 0.7818791946308725 0.06413301662707839
3 0.511744966442953 0.28028503562945367 0.8053691275167785 0.04275534441805225
3 0.537751677852349 0.31294536817102137 0.7063758389261745 0.017814726840855107
3 0.37416107382550334 0.3331353919239905 0.37919463087248323 0.015439429928741092
3 0.5360738255033557 0.35570071258907365 0.6996644295302014 0.015439429928741092
3 0.3783557046979866 0.37648456057007124 0.38422818791946306 0.019002375296912115
3 0.5369127516778524 0.41033254156769594 0.7013422818791947 0.039192399049881234
3 0.5075503355704698 0.49406175771971494 0.8003355704697986 0.0831353919239905
3 0.2080536912751678 0.5807600950118765 0.18791946308724833 0.0831353919239905
3 0.33808724832214765 0.6805225653206651 0.44798657718120805 0.0855106888361045
3 0.7911073825503355 0.6490498812351544 0.1593959731543624 0.032066508313539195
3 0.3338926174496644 0.7648456057007126 0.42953020134228187 0.06175771971496437
3 0.7986577181208053 0.7482185273159145 0.1610738255033557 0.023752969121140142
3 0.2516778523489933 0.8473871733966746 0.2684563758389262 0.09382422802850356
3 0.7978187919463087 0.8467933491686461 0.16275167785234898 0.026128266033254157
3 0.8028523489932886 0.8836104513064132 0.16610738255033558 0.021377672209026127
3 0.5125838926174496 0.9370546318289786 0.7869127516778524 0.0498812351543943
1 0.4773489932885906 0.13954869358669833 0.3674496644295302 0.027315914489311165
1 0.4790268456375839 0.17220902612826602 0.36073825503355705 0.026128266033254157
1 0.6887583892617449 0.3343230403800475 0.23657718120805368 0.017814726840855107
1 0.6904362416107382 0.37945368171021376 0.23993288590604026 0.017814726840855107
1 0.2684563758389262 0.4418052256532066 0.1644295302013423 0.019002375296912115
0 0.16359060402684564 0.31294536817102137 0.031879194630872486 0.022565320665083134
0 0.1644295302013423 0.35629453681710216 0.03355704697986577 0.026128266033254157
0 0.1644295302013423 0.3990498812351544 0.030201342281879196 0.026128266033254157