3 0.4714765100671141 0.07304038004750593 0.7080536912751678 0.029691211401425176
3 0.5050335570469798 0.12232779097387174 0.4899328859060403 0.05463182897862233
3 0.2936241610738255 0.18883610451306412 0.35906040268456374 0.023752969121140142
3 0.2231543624161074 0.2209026128266033 0.1342281879194631 0.019002375296912115
3 0.200503355704698 0.24168646080760095 0.08557046979865772 0.017814726840855107
3 0.26677852348993286 0.26365795724465557 0.22818791946308725 0.0166270783847981
3 0.18708053691275167 0.2856294536817102 0.06208053691275168 0.015439429928741092
3 0.18875838926174496 0.30641330166270786 0.06879194630872483 0.0166270783847981
3 0.20553691275167785 0.32779097387173395 0.09899328859060402 0.021377672209026127
3 0.20218120805369127 0.3818289786223278 0.17281879194630873 0.020190023752969122
3 0.20973154362416108 0.41330166270783847 0.10067114093959731 0.0166270783847981
3 0.22986577181208054 0.4340855106888361 0.1476510067114094 0.017814726840855107
3 0.3884228187919463 0.43646080760095013 0.08221476510067115 0.017814726840855107
3 0.22902684563758388 0.45724465558194777 0.14261744966442952 0.0166270783847981
3 0.3573825503355705 0.45605700712589076 0.016778523489932886 0.019002375296912115
3 0.42533557046979864 0.45902612826603323 0.025167785234899327 0.020190023752969122
3 0.28691275167785235 0.47743467933491684 0.26174496644295303 0.019002375296912115
3 0.48825503355704697 0.47802850356294535 0.016778523489932886 0.020190023752969122
3 0.4899328859060403 0.501187648456057 0.020134228187919462 0.026128266033254157
3 0.5662751677852349 0.47921615201900236 0.03523489932885906 0.022565320665083134
3 0.5662751677852349 0.5005938242280285 0.03859060402684564 0.02494061757719715
3 0.6401006711409396 0.47802850356294535 0.018456375838926176 0.020190023752969122
3 0.6401006711409396 0.501187648456057 0.02181208053691275 0.019002375296912115
3 0.7676174496644296 0.47624703087885983 0.1593959731543624 0.0166270783847981
3 0.7030201342281879 0.5005938242280285 0.03691275167785235 0.017814726840855107
3 0.7541946308724832 0.5005938242280285 0.018456375838926176 0.020190023752969122
3 0.8540268456375839 0.5005938242280285 0.04697986577181208 0.020190023752969122
3 0.1988255033557047 0.5522565320665083 0.16275167785234898 0.023752969121140142
3 0.3447986577181208 0.6157957244655582 0.4211409395973154 0.08194774346793349
3 0.1837248322147651 0.672209026128266 0.05536912751677853 0.019002375296912115
3 0.31208053691275167 0.671021377672209 0.05704697986577181 0.021377672209026127
3 0.31543624161073824 0.6935866983372921 0.2516778523489933 0.0166270783847981
3 0.21728187919463088 0.7125890736342043 0.06208053691275168 0.019002375296912115
3 0.4320469798657718 0.7149643705463183 0.21644295302013422 0.019002375296912115
3 0.5167785234899329 0.7885985748218527 0.7114093959731543 0.0688836104513064
3 0.1929530201342282 0.8539192399049881 0.13758389261744966 0.019002375296912115
3 0.39093959731543626 0.8770783847980997 0.46308724832214765 0.015439429928741092
3 0.7676174496644296 0.8776722090261283 0.22651006711409397 0.021377672209026127
3 0.4412751677852349 0.899643705463183 0.5637583892617449 0.022565320665083134
3 0.7743288590604027 0.899643705463183 0.03523489932885906 0.017814726840855107
1 0.5461409395973155 0.415083135391924 0.5553691275167785 0.017814726840855107
1 0.3263422818791946 0.4358669833729216 0.03859060402684564 0.0166270783847981
1 0.3263422818791946 0.45961995249406173 0.03859060402684564 0.0166270783847981
1 0.39177852348993286 0.4584323040380047 0.03859060402684564 0.019002375296912115
1 0.44546979865771813 0.47980997624703087 0.05536912751677853 0.0166270783847981
1 0.5218120805369127 0.47743467933491684 0.040268456375838924 0.023752969121140142
1 0.6082214765100671 0.47624703087885983 0.04194630872483222 0.023752969121140142
1 0.6669463087248322 0.47565320665083133 0.028523489932885907 0.022565320665083134
1 0.7953020134228188 0.5005938242280285 0.05704697986577181 0.020190023752969122
1 0.7332214765100671 0.5029691211401425 0.013422818791946308 0.020190023752969122
1 0.6677852348993288 0.5005938242280285 0.030201342281879196 0.020190023752969122
1 0.6082214765100671 0.5017814726840855 0.031879194630872486 0.020190023752969122
1 0.5209731543624161 0.5017814726840855 0.03523489932885906 0.017814726840855107
1 0.4488255033557047 0.501187648456057 0.04865771812080537 0.019002375296912115
1 0.2483221476510067 0.669833729216152 0.06375838926174497 0.023752969121140142
1 0.2860738255033557 0.7149643705463183 0.06543624161073826 0.021377672209026127
1 0.6426174496644296 0.8770783847980997 0.02348993288590604 0.020190023752969122
1 0.7416107382550335 0.9020190023752969 0.02348993288590604 0.022565320665083134