3 0.23406040268456377 0.06413301662707839 0.22986577181208054 0.030878859857482184
3 0.5411073825503355 0.08432304038004751 0.3070469798657718 0.040380047505938245
3 0.24412751677852348 0.16448931116389548 0.28691275167785235 0.1342042755344418
3 0.7164429530201343 0.14608076009501186 0.38926174496644295 0.04275534441805225
3 0.2332214765100671 0.28978622327790976 0.22483221476510068 0.10451306413301663
3 0.7130872483221476 0.29275534441805223 0.40604026845637586 0.029691211401425176
3 0.2156040268456376 0.37767220902612825 0.20973154362416108 0.0688836104513064
3 0.1988255033557047 0.5017814726840855 0.15604026845637584 0.0344418052256532
3 0.5830536912751678 0.49643705463182897 0.12248322147651007 0.030878859857482184
3 0.34060402684563756 0.6585510688836105 0.4463087248322148 0.10095011876484561
3 0.17281879194630873 0.7529691211401425 0.10738255033557047 0.0688836104513064
3 0.5536912751677853 0.7571258907363421 0.07718120805369127 0.06769596199524941
3 0.20721476510067113 0.815914489311164 0.18624161073825504 0.030878859857482184
3 0.4890939597315436 0.8188836104513064 0.12583892617449666 0.0344418052256532