3 0.5234899328859061 0.0855106888361045 0.24161073825503357 0.0332541567695962
3 0.23825503355704697 0.0665083135391924 0.2348993288590604 0.023752969121140142
3 0.2273489932885906 0.16389548693586697 0.2533557046979866 0.1330166270783848
3 0.7298657718120806 0.14726840855106887 0.40939597315436244 0.023752969121140142
3 0.4974832214765101 0.2167458432304038 0.1493288590604027 0.027315914489311165
3 0.2197986577181208 0.30522565320665085 0.19798657718120805 0.13539192399049882
3 0.7114093959731543 0.28859857482185275 0.40268456375838924 0.026128266033254157
3 0.49161073825503354 0.35391923990498814 0.14093959731543623 0.026128266033254157
3 0.23741610738255034 0.4340855106888361 0.23657718120805368 0.11520190023752969
3 0.7214765100671141 0.42695961995249404 0.39932885906040266 0.029691211401425176
3 0.23406040268456377 0.5486935866983373 0.2197986577181208 0.09263657957244656
3 0.7214765100671141 0.5475059382422803 0.39932885906040266 0.030878859857482184
3 0.200503355704698 0.6294536817102138 0.1593959731543624 0.047505938242280284
3 0.17785234899328858 0.7434679334916865 0.10738255033557047 0.026128266033254157
3 0.31208053691275167 0.8794536817102138 0.3959731543624161 0.07957244655581948