3 0.23529411764705882 0.06413301662707839 0.2218487394957983 0.019002375296912115
3 0.5327731092436975 0.08907363420427554 0.4907563025210084 0.028503562945368172
3 0.24033613445378152 0.17220902612826602 0.23865546218487396 0.1377672209026128
3 0.7277310924369748 0.15261282660332542 0.3798319327731092 0.02494061757719715
3 0.23697478991596638 0.32185273159144895 0.23529411764705882 0.14014251781472684
3 0.7327731092436974 0.3010688836104513 0.3865546218487395 0.032066508313539195
3 0.22941176470588234 0.47209026128266035 0.21680672268907564 0.13657957244655583
3 0.7319327731092437 0.45308788598574823 0.38823529411764707 0.022565320665083134
3 0.28319327731092436 0.6045130641330166 0.3310924369747899 0.0997624703087886
3 0.7327731092436974 0.6062945368171021 0.3865546218487395 0.022565320665083134
3 0.32016806722689073 0.7434679334916865 0.38823529411764707 0.1496437054631829