3 0.26929530201342283 0.07422802850356294 0.39093959731543626 0.017814726840855107
3 0.26677852348993286 0.09441805225653206 0.3389261744966443 0.015439429928741092
3 0.1568791946308725 0.11104513064133016 0.12919463087248323 0.013064133016627079
3 0.33557046979865773 0.12767220902612827 0.4798657718120805 0.015439429928741092
3 0.5083892617449665 0.15261282660332542 0.8288590604026845 0.02494061757719715
3 0.18540268456375839 0.17636579572446556 0.17281879194630873 0.015439429928741092
3 0.3959731543624161 0.19180522565320665 0.6006711409395973 0.010688836104513063
3 0.22399328859060402 0.20961995249406176 0.21644295302013422 0.015439429928741092
3 0.39177852348993286 0.20843230403800475 0.05536912751677853 0.017814726840855107
3 0.47315436241610737 0.20843230403800475 0.06040268456375839 0.020190023752969122
3 0.5822147651006712 0.20783847980997625 0.1174496644295302 0.0166270783847981
3 0.6887583892617449 0.20843230403800475 0.04194630872483222 0.017814726840855107
3 0.25083892617449666 0.22624703087885986 0.2701342281879195 0.010688836104513063
3 0.4337248322147651 0.22743467933491687 0.06208053691275168 0.00831353919239905
3 0.5050335570469798 0.22684085510688837 0.050335570469798654 0.009501187648456057
3 0.6031879194630873 0.22684085510688837 0.11577181208053691 0.009501187648456057
3 0.7063758389261745 0.22624703087885986 0.05704697986577181 0.010688836104513063
3 0.24412751677852348 0.24168646080760095 0.25671140939597314 0.015439429928741092
3 0.4320469798657718 0.24168646080760095 0.05536912751677853 0.015439429928741092
3 0.511744966442953 0.24168646080760095 0.053691275167785234 0.015439429928741092
3 0.6241610738255033 0.24168646080760095 0.11409395973154363 0.015439429928741092
3 0.7281879194630873 0.24168646080760095 0.0436241610738255 0.015439429928741092
3 0.5100671140939598 0.26009501187648454 0.7919463087248322 0.011876484560570071
3 0.14513422818791946 0.27375296912114017 0.06543624161073826 0.010688836104513063
3 0.2197986577181208 0.27434679334916867 0.050335570469798654 0.009501187648456057
3 0.31711409395973156 0.27375296912114017 0.11409395973154363 0.00831353919239905
3 0.41946308724832215 0.27375296912114017 0.05704697986577181 0.00831353919239905
3 0.17281879194630873 0.28978622327790976 0.11409395973154363 0.014251781472684086
3 0.2902684563758389 0.28859857482185275 0.053691275167785234 0.0166270783847981
3 0.3724832214765101 0.29038004750593827 0.053691275167785234 0.017814726840855107
3 0.4823825503355705 0.28800475059382424 0.11577181208053691 0.015439429928741092
3 0.5880872483221476 0.28859857482185275 0.04530201342281879 0.0166270783847981
3 0.3036912751677852 0.30700712589073637 0.3724832214765101 0.010688836104513063
3 0.537751677852349 0.30700712589073637 0.06208053691275168 0.010688836104513063
3 0.6098993288590604 0.3081947743467934 0.04865771812080537 0.00831353919239905
3 0.709731543624161 0.30700712589073637 0.11409395973154363 0.010688836104513063
3 0.8112416107382551 0.30700712589073637 0.05536912751677853 0.010688836104513063
3 0.17365771812080538 0.32363420427553447 0.11241610738255034 0.015439429928741092
3 0.2911073825503356 0.32363420427553447 0.05536912751677853 0.015439429928741092
3 0.37080536912751677 0.32244655581947745 0.05704697986577181 0.015439429928741092
3 0.4815436241610738 0.32066508313539194 0.1174496644295302 0.014251781472684086
3 0.5906040268456376 0.32244655581947745 0.04697986577181208 0.015439429928741092
3 0.3145973154362416 0.33966745843230406 0.3976510067114094 0.011876484560570071
3 0.5620805369127517 0.3414489311163896 0.06375838926174497 0.010688836104513063
3 0.6342281879194631 0.34085510688836107 0.050335570469798654 0.009501187648456057
3 0.7332214765100671 0.3414489311163896 0.11409395973154363 0.010688836104513063
3 0.837248322147651 0.34085510688836107 0.05704697986577181 0.011876484560570071
3 0.22483221476510068 0.35570071258907365 0.21476510067114093 0.017814726840855107
3 0.39093959731543626 0.35510688836104515 0.053691275167785234 0.0166270783847981
3 0.4714765100671141 0.35629453681710216 0.05704697986577181 0.0166270783847981
3 0.5822147651006712 0.35510688836104515 0.11409395973154363 0.014251781472684086
3 0.6895973154362416 0.35629453681710216 0.04697986577181208 0.0166270783847981
3 0.3313758389261745 0.37232779097387175 0.43456375838926176 0.010688836104513063
3 0.5973154362416108 0.37232779097387175 0.06040268456375839 0.00831353919239905
3 0.6703020134228188 0.37232779097387175 0.04865771812080537 0.010688836104513063
3 0.7692953020134228 0.37173396674584325 0.11577181208053691 0.009501187648456057
3 0.8691275167785235 0.37292161520190026 0.05704697986577181 0.009501187648456057
3 0.39681208053691275 0.38895486935866985 0.5587248322147651 0.015439429928741092
3 0.7307046979865772 0.38895486935866985 0.05201342281879195 0.013064133016627079
3 0.8095637583892618 0.38895486935866985 0.05536912751677853 0.015439429928741092
3 0.8917785234899329 0.38895486935866985 0.0587248322147651 0.017814726840855107
3 0.14681208053691275 0.40736342042755347 0.05201342281879195 0.0166270783847981
3 0.2273489932885906 0.40736342042755347 0.04530201342281879 0.0166270783847981
3 0.5 0.42399049881235157 0.7718120805369127 0.011876484560570071
3 0.1669463087248322 0.43824228028503565 0.06208053691275168 0.009501187648456057
3 0.23909395973154363 0.43824228028503565 0.04865771812080537 0.009501187648456057
3 0.337248322147651 0.43883610451306415 0.11409395973154363 0.010688836104513063
3 0.4412751677852349 0.43824228028503565 0.06040268456375839 0.009501187648456057
3 0.42701342281879195 0.45427553444180524 0.6191275167785235 0.015439429928741092
3 0.5226510067114094 0.47862232779097386 0.8204697986577181 0.026128266033254157
3 0.22902684563758388 0.5089073634204275 0.26677852348993286 0.029691211401425176
3 0.24580536912751677 0.5421615201900237 0.30033557046979864 0.029691211401425176
3 0.13842281879194632 0.5682897862232779 0.08221476510067115 0.015439429928741092
3 0.3296979865771812 0.5682897862232779 0.2231543624161074 0.015439429928741092
3 0.697986577181208 0.5676959619952494 0.4563758389261745 0.0166270783847981
3 0.2231543624161074 0.584916864608076 0.2550335570469799 0.015439429928741092
3 0.3901006711409396 0.5866983372921615 0.02181208053691275 0.0166270783847981
3 0.5679530201342282 0.586104513064133 0.25671140939597314 0.015439429928741092
3 0.1401006711409396 0.6045130641330166 0.09563758389261745 0.0166270783847981
3 0.3145973154362416 0.6051068883610451 0.03859060402684564 0.017814726840855107
3 0.5016778523489933 0.6057007125890737 0.11073825503355705 0.014251781472684086
3 0.8162751677852349 0.6051068883610451 0.21644295302013422 0.015439429928741092
3 0.1929530201342282 0.6241092636579573 0.19798657718120805 0.015439429928741092
3 0.14345637583892618 0.6401425178147269 0.09899328859060402 0.011876484560570071
3 0.34060402684563756 0.6395486935866983 0.25838926174496646 0.013064133016627079
3 0.6854026845637584 0.6407363420427553 0.40436241610738255 0.013064133016627079
3 0.912751677852349 0.6395486935866983 0.026845637583892617 0.010688836104513063
3 0.5159395973154363 0.6555819477434679 0.8204697986577181 0.011876484560570071
3 0.11409395973154363 0.6704275534441805 0.040268456375838924 0.010688836104513063
3 0.29697986577181207 0.669833729216152 0.09395973154362416 0.011876484560570071
3 0.5486577181208053 0.6704275534441805 0.12416107382550336 0.010688836104513063
3 0.8355704697986577 0.671021377672209 0.18456375838926176 0.011876484560570071
3 0.2936241610738255 0.6858669833729216 0.3926174496644295 0.013064133016627079
0 0.08473154362416108 0.09619952494061758 0.025167785234899327 0.0166270783847981
0 0.08389261744966443 0.12767220902612827 0.02348993288590604 0.015439429928741092
0 0.08557046979865772 0.17517814726840855 0.02348993288590604 0.015439429928741092
0 0.10486577181208054 0.20843230403800475 0.02181208053691275 0.015439429928741092
0 0.3523489932885906 0.20843230403800475 0.020134228187919462 0.017814726840855107
0 0.43288590604026844 0.20843230403800475 0.020134228187919462 0.017814726840855107
0 0.514261744966443 0.20961995249406176 0.018456375838926176 0.020190023752969122
0 0.6543624161073825 0.20843230403800475 0.02348993288590604 0.017814726840855107
0 0.1040268456375839 0.24168646080760095 0.02348993288590604 0.017814726840855107
0 0.39429530201342283 0.24228028503562946 0.02348993288590604 0.0166270783847981
0 0.473993288590604 0.24228028503562946 0.02181208053691275 0.0166270783847981
0 0.5545302013422819 0.24228028503562946 0.02181208053691275 0.0166270783847981
0 0.6954697986577181 0.24168646080760095 0.02181208053691275 0.015439429928741092
0 0.1040268456375839 0.29038004750593827 0.020134228187919462 0.017814726840855107
0 0.2516778523489933 0.28919239904988125 0.020134228187919462 0.015439429928741092
0 0.33221476510067116 0.28978622327790976 0.020134228187919462 0.0166270783847981
0 0.412751677852349 0.29038004750593827 0.020134228187919462 0.017814726840855107
0 0.5528523489932886 0.28919239904988125 0.02181208053691275 0.017814726840855107
0 0.1040268456375839 0.32304038004750596 0.020134228187919462 0.0166270783847981
0 0.10486577181208054 0.35629453681710216 0.02181208053691275 0.0166270783847981
0 0.35318791946308725 0.35570071258907365 0.02181208053691275 0.017814726840855107
0 0.2525167785234899 0.32304038004750596 0.02181208053691275 0.014251781472684086
0 0.3313758389261745 0.32304038004750596 0.018456375838926176 0.0166270783847981
0 0.41359060402684567 0.32244655581947745 0.02181208053691275 0.015439429928741092
0 0.5553691275167785 0.32185273159144895 0.02348993288590604 0.0166270783847981
0 0.43288590604026844 0.35570071258907365 0.020134228187919462 0.017814726840855107
0 0.514261744966443 0.35629453681710216 0.02181208053691275 0.0166270783847981
0 0.6560402684563759 0.35510688836104515 0.02348993288590604 0.0166270783847981
0 0.4974832214765101 0.30760095011876487 0.008389261744966443 0.009501187648456057
0 0.5771812080536913 0.30700712589073637 0.013422818791946308 0.00831353919239905
0 0.6442953020134228 0.30760095011876487 0.010067114093959731 0.009501187648456057
0 0.7751677852348994 0.30700712589073637 0.010067114093959731 0.010688836104513063
0 0.3926174496644295 0.22505938242280285 0.010067114093959731 0.00831353919239905
0 0.47063758389261745 0.22684085510688837 0.01174496644295302 0.011876484560570071
0 0.537751677852349 0.22624703087885986 0.01174496644295302 0.00831353919239905
0 0.6677852348993288 0.22684085510688837 0.010067114093959731 0.009501187648456057
0 0.9169463087248322 0.25950118764845603 0.015100671140939598 0.00831353919239905
0 0.38338926174496646 0.27375296912114017 0.01174496644295302 0.00831353919239905
0 0.2533557046979866 0.27315914489311166 0.010067114093959731 0.007125890736342043
0 0.18875838926174496 0.27315914489311166 0.01174496644295302 0.009501187648456057
0 0.5226510067114094 0.34026128266033256 0.01174496644295302 0.00831353919239905
0 0.6023489932885906 0.34085510688836107 0.010067114093959731 0.009501187648456057
0 0.6677852348993288 0.34026128266033256 0.013422818791946308 0.010688836104513063
0 0.8003355704697986 0.3414489311163896 0.013422818791946308 0.010688836104513063
0 0.7030201342281879 0.37173396674584325 0.013422818791946308 0.007125890736342043
0 0.8330536912751678 0.37232779097387175 0.01174496644295302 0.00831353919239905
0 0.6946308724832215 0.39014251781472686 0.02348993288590604 0.015439429928741092
0 0.7709731543624161 0.39014251781472686 0.02181208053691275 0.015439429928741092
0 0.8515100671140939 0.38954869358669836 0.02181208053691275 0.0166270783847981
0 0.18959731543624161 0.40676959619952496 0.02348993288590604 0.017814726840855107
0 0.6375838926174496 0.37292161520190026 0.010067114093959731 0.011876484560570071
0 0.1040268456375839 0.38895486935866985 0.02348993288590604 0.015439429928741092
0 0.10654362416107382 0.45486935866983375 0.025167785234899327 0.0166270783847981
0 0.40268456375838924 0.43883610451306415 0.010067114093959731 0.00831353919239905
0 0.2726510067114094 0.43942992874109266 0.008389261744966443 0.009501187648456057
0 0.2063758389261745 0.43942992874109266 0.010067114093959731 0.009501187648456057
0 0.1266778523489933 0.43824228028503565 0.01174496644295302 0.009501187648456057
0 0.08473154362416108 0.501187648456057 0.02181208053691275 0.0166270783847981
0 0.08473154362416108 0.5362232779097387 0.025167785234899327 0.017814726840855107
0 0.08473154362416108 0.5676959619952494 0.02181208053691275 0.0166270783847981
0 0.20469798657718122 0.5682897862232779 0.02348993288590604 0.015439429928741092
0 0.45805369127516776 0.5682897862232779 0.02348993288590604 0.015439429928741092
0 0.36577181208053694 0.586104513064133 0.02348993288590604 0.017814726840855107
0 0.42701342281879195 0.5866983372921615 0.028523489932885907 0.0166270783847981
0 0.09815436241610738 0.6555819477434679 0.008389261744966443 0.009501187648456057
0 0.8926174496644296 0.6407363420427553 0.010067114093959731 0.010688836104513063
1 0.7718120805369127 0.5878859857482185 0.1476510067114094 0.0166270783847981
1 0.2424496644295302 0.6045130641330166 0.09899328859060402 0.019002375296912115
1 0.38926174496644295 0.6062945368171021 0.10738255033557047 0.017814726840855107
1 0.6317114093959731 0.6057007125890737 0.13926174496644295 0.019002375296912115
1 0.19043624161073824 0.671021377672209 0.10570469798657718 0.014251781472684086
1 0.412751677852349 0.669833729216152 0.1342281879194631 0.014251781472684086
1 0.6736577181208053 0.671021377672209 0.11912751677852348 0.014251781472684086