3 0.2361344537815126 0.06472684085510688 0.21008403361344538 0.020190023752969122
3 0.5336134453781513 0.08907363420427554 0.44201680672268906 0.028503562945368172
3 0.2218487394957983 0.17399049881235154 0.20504201680672268 0.14370546318289787
3 0.7294117647058823 0.1496437054631829 0.39327731092436974 0.021377672209026127
3 0.2235294117647059 0.32185273159144895 0.20840336134453782 0.1377672209026128
3 0.7319327731092437 0.3004750593824228 0.38823529411764707 0.019002375296912115
3 0.7310924369747899 0.4483372921615202 0.3865546218487395 0.022565320665083134
3 0.22605042016806723 0.47327790973871736 0.21008403361344538 0.13895486935866982
3 0.2596638655462185 0.5938242280285035 0.2907563025210084 0.0831353919239905
3 0.5672268907563025 0.6051068883610451 0.06218487394957983 0.022565320665083134
3 0.18067226890756302 0.7428741092636579 0.12941176470588237 0.19596199524940616
3 0.4008403361344538 0.7054631828978623 0.13949579831932774 0.0498812351543943
3 0.4235294117647059 0.7790973871733967 0.18487394957983194 0.035629453681710214