3 0.2156040268456376 0.07125890736342043 0.24328859060402686 0.019002375296912115
3 0.2961409395973154 0.09026128266033254 0.401006711409396 0.011876484560570071
3 0.42449664429530204 0.10510688836104513 0.6610738255033557 0.017814726840855107
3 0.5092281879194631 0.12945368171021376 0.8305369127516778 0.028503562945368172
3 0.3338926174496644 0.15380047505938244 0.3959731543624161 0.017814726840855107
3 0.5260067114093959 0.18705463182897863 0.790268456375839 0.0344418052256532
3 0.13674496644295303 0.2155581947743468 0.08557046979865772 0.017814726840855107
3 0.33053691275167785 0.2179334916864608 0.22483221476510068 0.017814726840855107
3 0.6946308724832215 0.2173396674584323 0.45302013422818793 0.019002375296912115
3 0.22231543624161074 0.23515439429928742 0.25671140939597314 0.0166270783847981
3 0.38926174496644295 0.23574821852731592 0.020134228187919462 0.017814726840855107
3 0.5662751677852349 0.23693586698337293 0.2533557046979866 0.015439429928741092
3 0.1401006711409396 0.25415676959619954 0.10234899328859061 0.0166270783847981
3 0.31543624161073824 0.25475059382422804 0.03691275167785235 0.020190023752969122
3 0.5008389261744967 0.25415676959619954 0.11241610738255034 0.0166270783847981
3 0.8179530201342282 0.25534441805225655 0.2197986577181208 0.0166270783847981
3 0.1912751677852349 0.27315914489311166 0.20134228187919462 0.0166270783847981
3 0.1401006711409396 0.29038004750593827 0.10906040268456375 0.010688836104513063
3 0.33976510067114096 0.28919239904988125 0.25671140939597314 0.013064133016627079
3 0.6828859060402684 0.28978622327790976 0.40268456375838924 0.014251781472684086
3 0.9110738255033557 0.29038004750593827 0.026845637583892617 0.010688836104513063
3 0.5167785234899329 0.30522565320665085 0.8187919463087249 0.011876484560570071
3 0.11325503355704698 0.32007125890736343 0.04530201342281879 0.010688836104513063
3 0.29697986577181207 0.3194774346793349 0.09395973154362416 0.011876484560570071
3 0.5486577181208053 0.3194774346793349 0.12416107382550336 0.009501187648456057
3 0.8313758389261745 0.3188836104513064 0.17953020134228187 0.010688836104513063
3 0.28859060402684567 0.334916864608076 0.3926174496644295 0.011876484560570071
0 0.08473154362416108 0.07185273159144893 0.025167785234899327 0.020190023752969122
0 0.08305369127516779 0.10570071258907364 0.025167785234899327 0.0166270783847981
0 0.12416107382550336 0.1543942992874109 0.02348993288590604 0.019002375296912115
0 0.08473154362416108 0.2179334916864608 0.02181208053691275 0.017814726840855107
0 0.20553691275167785 0.2173396674584323 0.025167785234899327 0.0166270783847981
0 0.4588926174496644 0.2179334916864608 0.025167785234899327 0.017814726840855107
0 0.3674496644295302 0.23693586698337293 0.02348993288590604 0.015439429928741092
0 0.42701342281879195 0.2375296912114014 0.025167785234899327 0.019002375296912115
0 0.10067114093959731 0.30581947743467935 0.013422818791946308 0.010688836104513063
0 0.8909395973154363 0.29097387173396677 0.013422818791946308 0.011876484560570071
1 0.7701342281879194 0.23812351543942992 0.13758389261744966 0.015439429928741092
1 0.6325503355704698 0.25653206650831356 0.13758389261744966 0.019002375296912115
1 0.38926174496644295 0.25712589073634207 0.1040268456375839 0.017814726840855107
1 0.24412751677852348 0.25534441805225655 0.09228187919463088 0.0166270783847981
1 0.19211409395973153 0.3194774346793349 0.10234899328859061 0.0166270783847981
1 0.41359060402684567 0.32125890736342044 0.12919463087248323 0.013064133016627079
1 0.6719798657718121 0.32007125890736343 0.11241610738255034 0.015439429928741092