3 0.5336134453781513 0.08966745843230403 0.31092436974789917 0.032066508313539195
3 0.20168067226890757 0.1163895486935867 0.15798319327731092 0.023752969121140142
3 0.22605042016806723 0.19121140142517815 0.2 0.10688836104513064
3 0.7277310924369748 0.1514251781472684 0.3899159663865546 0.02494061757719715
3 0.1773109243697479 0.2648456057007126 0.10588235294117647 0.023752969121140142
3 0.23361344537815126 0.342042755344418 0.21512605042016808 0.1021377672209026
3 0.7310924369747899 0.3016627078384798 0.41008403361344536 0.026128266033254157
3 0.21260504201680672 0.41330166270783847 0.1865546218487395 0.028503562945368172
3 0.23109243697478993 0.4910926365795725 0.21680672268907564 0.10095011876484561
3 0.7302521008403361 0.45427553444180524 0.3915966386554622 0.027315914489311165
3 0.23025210084033612 0.6163895486935868 0.21176470588235294 0.12351543942992874
3 0.7336134453781512 0.6068883610451307 0.3915966386554622 0.023752969121140142
3 0.18487394957983194 0.767814726840855 0.12436974789915967 0.16270783847980996
3 0.4235294117647059 0.7600950118764845 0.18487394957983194 0.12114014251781473