3 0.5302013422818792 0.0855106888361045 0.28523489932885904 0.035629453681710214
3 0.25 0.16330166270783847 0.27181208053691275 0.1342042755344418
3 0.7189597315436241 0.14548693586698339 0.39093959731543626 0.02494061757719715
3 0.23406040268456377 0.2850356294536817 0.22651006711409397 0.09501187648456057
3 0.7164429530201343 0.29038004750593827 0.37919463087248323 0.03681710213776722
3 0.19966442953020133 0.3747030878859858 0.1610738255033557 0.06769596199524941
3 0.19630872483221476 0.497624703087886 0.1476510067114094 0.026128266033254157
3 0.5880872483221476 0.4994061757719715 0.1325503355704698 0.032066508313539195
3 0.7164429530201343 0.6074821852731591 0.3825503355704698 0.027315914489311165
3 0.19798657718120805 0.6757719714964371 0.15771812080536912 0.09501187648456057
3 0.41359060402684567 0.6579572446555819 0.18624161073825504 0.028503562945368172
3 0.1686241610738255 0.7725653206650831 0.08892617449664429 0.06769596199524941
3 0.5478187919463087 0.7713776722090261 0.06879194630872483 0.07007125890736342
3 0.21224832214765102 0.831353919239905 0.1761744966442953 0.0332541567695962
3 0.48406040268456374 0.832541567695962 0.11577181208053691 0.030878859857482184