3 0.09144295302013423 0.07185273159144893 0.03859060402684564 0.017814726840855107
1 0.20469798657718122 0.07066508313539192 0.18120805369127516 0.02494061757719715
3 0.610738255033557 0.07007125890736342 0.62751677852349 0.021377672209026127
3 0.5041946308724832 0.15914489311163896 0.8573825503355704 0.15676959619952494
3 0.26426174496644295 0.2648456057007126 0.39093959731543626 0.021377672209026127
3 0.27181208053691275 0.29513064133016625 0.3523489932885906 0.0344418052256532
3 0.28523489932885904 0.3188836104513064 0.37919463087248323 0.015439429928741092
3 0.41778523489932884 0.33729216152019004 0.6543624161073825 0.014251781472684086
3 0.348993288590604 0.3509501187648456 0.47315436241610737 0.015439429928741092
3 0.5956375838926175 0.3194774346793349 0.1644295302013423 0.019002375296912115
0 0.08221476510067115 0.2862232779097387 0.026845637583892617 0.0166270783847981
0 0.08137583892617449 0.3194774346793349 0.028523489932885907 0.021377672209026127
0 0.50251677852349 0.32007125890736343 0.02181208053691275 0.020190023752969122
0 0.1040268456375839 0.3497624703087886 0.013422818791946308 0.013064133016627079
0 0.08221476510067115 0.3669833729216152 0.026845637583892617 0.021377672209026127
0 0.08137583892617449 0.3996437054631829 0.028523489932885907 0.022565320665083134
0 0.08137583892617449 0.4477434679334917 0.028523489932885907 0.021377672209026127
0 0.10318791946308725 0.4661520190023753 0.025167785234899327 0.020190023752969122
0 0.3028523489932886 0.44655581947743467 0.028523489932885907 0.021377672209026127
0 0.6442953020134228 0.4471496437054632 0.02348993288590604 0.017814726840855107
0 0.30453020134228187 0.4833729216152019 0.025167785234899327 0.0166270783847981
0 0.36661073825503354 0.4839667458432304 0.028523489932885907 0.020190023752969122
1 0.7256711409395973 0.4821852731591449 0.13926174496644295 0.019002375296912115
1 0.44211409395973156 0.502375296912114 0.14597315436241612 0.0166270783847981
1 0.20973154362416108 0.5029691211401425 0.11073825503355705 0.022565320665083134
1 0.8984899328859061 0.5368171021377672 0.04530201342281879 0.009501187648456057
0 0.5721476510067114 0.5510688836104513 0.013422818791946308 0.014251781472684086
0 0.613255033557047 0.5498812351543944 0.015100671140939598 0.011876484560570071
0 0.09815436241610738 0.5350356294536817 0.018456375838926176 0.013064133016627079
3 0.276006711409396 0.37589073634204273 0.3573825503355705 0.029691211401425176
3 0.5151006711409396 0.4144893111638955 0.8389261744966443 0.04513064133016627
3 0.19211409395973153 0.4483372921615202 0.18624161073825504 0.020190023752969122
3 0.4748322147651007 0.44596199524940616 0.31543624161073824 0.022565320665083134
3 0.7055369127516778 0.44655581947743467 0.09228187919463088 0.019002375296912115
3 0.5234899328859061 0.4661520190023753 0.8120805369127517 0.017814726840855107
3 0.2063758389261745 0.4833729216152019 0.18456375838926176 0.014251781472684086
3 0.33221476510067116 0.4839667458432304 0.03355704697986577 0.013064133016627079
3 0.5251677852348994 0.4833729216152019 0.25838926174496646 0.014251781472684086
3 0.8615771812080537 0.4845605700712589 0.11912751677852348 0.0166270783847981
3 0.13506711409395974 0.5029691211401425 0.04194630872483222 0.017814726840855107
3 0.3179530201342282 0.5017814726840855 0.09899328859060402 0.017814726840855107
3 0.7231543624161074 0.5029691211401425 0.40939597315436244 0.02494061757719715
3 0.20385906040268456 0.5201900237529691 0.22651006711409397 0.009501187648456057
3 0.5234899328859061 0.5201900237529691 0.37583892617449666 0.011876484560570071
3 0.7541946308724832 0.5201900237529691 0.05536912751677853 0.011876484560570071
0 0.7189597315436241 0.5201900237529691 0.015100671140939598 0.014251781472684086
0 0.3271812080536913 0.5213776722090261 0.013422818791946308 0.009501187648456057
3 0.49328859060402686 0.5332541567695962 0.761744966442953 0.0166270783847981
3 0.3347315436241611 0.5492874109263658 0.4546979865771812 0.010688836104513063
3 0.5939597315436241 0.5486935866983373 0.026845637583892617 0.014251781472684086
3 0.7726510067114094 0.5492874109263658 0.3036912751677852 0.013064133016627079
3 0.5184563758389261 0.5730403800475059 0.8187919463087249 0.029691211401425176