3 0.5327181208053692 0.07007125890736342 0.2231543624161074 0.035629453681710214
3 0.2483221476510067 0.14786223277909738 0.2550335570469799 0.1342042755344418
3 0.7223154362416108 0.1330166270783848 0.39429530201342283 0.030878859857482184
3 0.22902684563758388 0.2755344418052256 0.20973154362416108 0.11401425178147269
3 0.7223154362416108 0.27315914489311166 0.3808724832214765 0.028503562945368172
3 0.23406040268456377 0.3913301662707839 0.2197986577181208 0.09619952494061758
3 0.7206375838926175 0.38895486935866985 0.3976510067114094 0.029691211401425176
3 0.22399328859060402 0.47743467933491684 0.1929530201342282 0.06175771971496437
3 0.6912751677852349 0.48752969121140144 0.33221476510067116 0.05344418052256532
3 0.32466442953020136 0.5629453681710214 0.4077181208053691 0.09026128266033254
3 0.17030201342281878 0.6561757719714965 0.09228187919463088 0.06294536817102138
3 0.549496644295302 0.6567695961995249 0.06879194630872483 0.06413301662707839
3 0.33305369127516776 0.7203087885985748 0.4110738255033557 0.029691211401425176