3 0.5209731543624161 0.07838479809976247 0.4815436241610738 0.030878859857482184
3 0.11493288590604027 0.1163895486935867 0.05536912751677853 0.023752969121140142
3 0.47567114093959734 0.1163895486935867 0.33053691275167785 0.026128266033254157
3 0.8598993288590604 0.11579572446555819 0.10234899328859061 0.027315914489311165
3 0.3221476510067114 0.14608076009501186 0.46308724832214765 0.019002375296912115
3 0.3926174496644295 0.1668646080760095 0.5100671140939598 0.015439429928741092
3 0.41442953020134227 0.18883610451306412 0.5604026845637584 0.0166270783847981
3 0.20469798657718122 0.20902612826603326 0.1476510067114094 0.0166270783847981
3 0.31543624161073824 0.22921615201900236 0.3523489932885906 0.0166270783847981
3 0.3884228187919463 0.2494061757719715 0.14597315436241612 0.0166270783847981
3 0.5981543624161074 0.248812351543943 0.10234899328859061 0.017814726840855107
3 0.7978187919463087 0.2505938242280285 0.08557046979865772 0.019002375296912115
3 0.3884228187919463 0.2695961995249406 0.1493288590604027 0.0166270783847981
3 0.6090604026845637 0.2695961995249406 0.13087248322147652 0.019002375296912115
3 0.8489932885906041 0.27137767220902614 0.18791946308724833 0.017814726840855107
3 0.6300335570469798 0.29038004750593827 0.16946308724832215 0.017814726840855107
3 0.40939597315436244 0.28978622327790976 0.1912751677852349 0.0166270783847981
3 0.4513422818791946 0.31116389548693585 0.2785234899328859 0.0166270783847981
3 0.7885906040268457 0.31175771971496435 0.3187919463087248 0.017814726840855107
3 0.5243288590604027 0.3319477434679335 0.42449664429530204 0.015439429928741092
3 0.50251677852349 0.3503562945368171 0.3808724832214765 0.0166270783847981
3 0.50251677852349 0.37114014251781474 0.3775167785234899 0.015439429928741092
3 0.34312080536912754 0.39073634204275537 0.0587248322147651 0.0166270783847981
3 0.36828859060402686 0.417458432304038 0.5218120805369127 0.020190023752969122
3 0.18875838926174496 0.4501187648456057 0.07550335570469799 0.0166270783847981
3 0.4697986577181208 0.4821852731591449 0.15771812080536912 0.021377672209026127
3 0.1552013422818792 0.5225653206650831 0.11577181208053691 0.019002375296912115
3 0.5192953020134228 0.5237529691211401 0.06543624161073826 0.0166270783847981
3 0.2105704697986577 0.5433491686460807 0.21308724832214765 0.015439429928741092
3 0.639261744966443 0.5439429928741093 0.3087248322147651 0.0166270783847981
3 0.45721476510067116 0.5742280285035629 0.7063758389261745 0.03681710213776722
3 0.13842281879194632 0.6045130641330166 0.06543624161073826 0.019002375296912115
3 0.17365771812080538 0.6330166270783848 0.1325503355704698 0.019002375296912115
3 0.5151006711409396 0.6336104513064132 0.06375838926174497 0.020190023752969122
3 0.20973154362416108 0.6538004750593824 0.21476510067114093 0.017814726840855107
3 0.6401006711409396 0.6532066508313539 0.3036912751677852 0.0166270783847981
3 0.46476510067114096 0.6834916864608076 0.714765100671141 0.039192399049881234
3 0.13926174496644295 0.7131828978622328 0.06711409395973154 0.017814726840855107
3 0.5151006711409396 0.7885985748218527 0.7953020134228188 0.10451306413301663
3 0.514261744966443 0.8877672209026128 0.8305369127516778 0.029691211401425176
0 0.11325503355704698 0.1668646080760095 0.031879194630872486 0.017814726840855107
0 0.11577181208053691 0.18883610451306412 0.030201342281879196 0.0166270783847981
0 0.11325503355704698 0.21080760095011877 0.028523489932885907 0.017814726840855107
0 0.11409395973154363 0.23040380047505937 0.026845637583892617 0.0166270783847981
0 0.30201342281879195 0.2494061757719715 0.02348993288590604 0.019002375296912115
0 0.5335570469798657 0.25 0.026845637583892617 0.017814726840855107
0 0.7424496644295302 0.2505938242280285 0.025167785234899327 0.0166270783847981
0 0.30033557046979864 0.27019002375296913 0.020134228187919462 0.017814726840855107
0 0.5310402684563759 0.27078384798099764 0.02181208053691275 0.0166270783847981
0 0.7407718120805369 0.27137767220902614 0.02181208053691275 0.020190023752969122
0 0.5310402684563759 0.29038004750593827 0.02181208053691275 0.017814726840855107
0 0.6166107382550335 0.31175771971496435 0.02181208053691275 0.020190023752969122
0 0.30033557046979864 0.29097387173396677 0.02348993288590604 0.0166270783847981
0 0.3011744966442953 0.31057007125890734 0.018456375838926176 0.017814726840855107
0 0.3011744966442953 0.3331353919239905 0.018456375838926176 0.017814726840855107
0 0.3011744966442953 0.3521377672209026 0.02181208053691275 0.017814726840855107
0 0.3011744966442953 0.37173396674584325 0.02181208053691275 0.0166270783847981
0 0.3011744966442953 0.39251781472684083 0.025167785234899327 0.015439429928741092