3 0.2361344537815126 0.06472684085510688 0.22016806722689075 0.017814726840855107
3 0.5352941176470588 0.08907363420427554 0.5563025210084034 0.026128266033254157
3 0.23109243697478993 0.17220902612826602 0.20336134453781513 0.13539192399049882
3 0.7302521008403361 0.1508313539192399 0.3915966386554622 0.023752969121140142
3 0.22436974789915967 0.32185273159144895 0.20672268907563024 0.14014251781472684
3 0.7294117647058823 0.3016627078384798 0.3899159663865546 0.023752969121140142
3 0.23865546218487396 0.47327790973871736 0.22521008403361345 0.13895486935866982
3 0.7277310924369748 0.45486935866983375 0.3899159663865546 0.028503562945368172
3 0.2991596638655462 0.6057007125890737 0.3563025210084034 0.1021377672209026
3 0.7243697478991596 0.6051068883610451 0.3831932773109244 0.022565320665083134
3 0.32100840336134456 0.7458432304038005 0.40336134453781514 0.1543942992874109