3 0.6048657718120806 0.07125890736342043 0.3238255033557047 0.0498812351543943
3 0.10570469798657718 0.11757719714964371 0.087248322147651 0.0166270783847981
3 0.19714765100671142 0.1163895486935867 0.04865771812080537 0.0166270783847981
3 0.30453020134228187 0.1169833729216152 0.12919463087248323 0.017814726840855107
3 0.23657718120805368 0.1324228028503563 0.13087248322147652 0.013064133016627079
3 0.6006711409395973 0.10866983372921615 0.06040268456375839 0.010688836104513063
3 0.6828859060402684 0.10807600950118765 0.05704697986577181 0.014251781472684086
3 0.837248322147651 0.10866983372921615 0.2080536912751678 0.015439429928741092
3 0.7734899328859061 0.12589073634204276 0.2348993288590604 0.019002375296912115
3 0.11325503355704698 0.15973871733966746 0.09899328859060402 0.029691211401425176
3 0.11241610738255034 0.19299287410926366 0.09731543624161074 0.029691211401425176
3 0.7860738255033557 0.18705463182897863 0.33053691275167785 0.017814726840855107
3 0.20889261744966442 0.22505938242280285 0.28691275167785235 0.029691211401425176
3 0.5922818791946308 0.22387173396674584 0.05704697986577181 0.032066508313539195
3 0.16526845637583892 0.2583135391923991 0.20973154362416108 0.032066508313539195
3 0.2105704697986577 0.29097387173396677 0.2902684563758389 0.030878859857482184
3 0.6149328859060402 0.2583135391923991 0.10234899328859061 0.032066508313539195
3 0.6098993288590604 0.29097387173396677 0.08892617449664429 0.030878859857482184
3 0.639261744966443 0.32304038004750596 0.62751677852349 0.030878859857482184
3 0.5327181208053692 0.3752969121140142 0.41442953020134227 0.030878859857482184
3 0.6342281879194631 0.4418052256532066 0.6208053691275168 0.0688836104513064
3 0.19714765100671142 0.37826603325415675 0.21644295302013422 0.039192399049881234
3 0.19379194630872484 0.4323040380047506 0.22651006711409397 0.06175771971496437
3 0.21476510067114093 0.5391923990498813 0.31543624161073824 0.035629453681710214
3 0.21728187919463088 0.5730403800475059 0.3104026845637584 0.032066508313539195
3 0.16526845637583892 0.6223277909738717 0.20302013422818793 0.035629453681710214
3 0.4320469798657718 0.6187648456057007 0.21644295302013422 0.026128266033254157
3 0.6090604026845637 0.6235154394299287 0.08053691275167785 0.0332541567695962
3 0.6090604026845637 0.6591448931116389 0.08389261744966443 0.0332541567695962
3 0.20889261744966442 0.6573634204275535 0.2936241610738255 0.029691211401425176
3 0.26426174496644295 0.6906175771971497 0.40436241610738255 0.032066508313539195
3 0.12416107382550336 0.7226840855106889 0.12416107382550336 0.029691211401425176
0 0.1610738255033557 0.1163895486935867 0.020134228187919462 0.0166270783847981
0 0.1610738255033557 0.1324228028503563 0.020134228187919462 0.015439429928741092
0 0.23070469798657717 0.11757719714964371 0.018456375838926176 0.0166270783847981
0 0.6459731543624161 0.10866983372921615 0.020134228187919462 0.015439429928741092
0 0.6468120805369127 0.12470308788598575 0.02181208053691275 0.0166270783847981
0 0.7248322147651006 0.10866983372921615 0.016778523489932886 0.015439429928741092