1 0.26174496644295303 0.1656769596199525 0.1040268456375839 0.015439429928741092
1 0.5796979865771812 0.1656769596199525 0.04530201342281879 0.017814726840855107
1 0.7466442953020134 0.1668646080760095 0.04697986577181208 0.017814726840855107
1 0.6484899328859061 0.18824228028503562 0.13926174496644295 0.017814726840855107
1 0.46140939597315433 0.3159144893111639 0.09060402684563758 0.019002375296912115
1 0.49328859060402686 0.3806413301662708 0.03355704697986577 0.017814726840855107
1 0.5067114093959731 0.4026128266033254 0.03691275167785235 0.019002375296912115
1 0.4941275167785235 0.48812351543942994 0.11241610738255034 0.019002375296912115
1 0.5855704697986577 0.5095011876484561 0.5335570469798657 0.014251781472684086
1 0.24580536912751677 0.5795724465558195 0.17953020134228187 0.019002375296912115
3 0.4446308724832215 0.07779097387173396 0.5033557046979866 0.020190023752969122
3 0.5503355704697986 0.10095011876484561 0.7114093959731543 0.019002375296912115
3 0.28104026845637586 0.12054631828978622 0.17281879194630873 0.015439429928741092
3 0.34395973154362414 0.14014251781472684 0.4429530201342282 0.019002375296912115
3 0.18540268456375839 0.16330166270783847 0.04530201342281879 0.020190023752969122
3 0.436241610738255 0.16508313539192399 0.24161073825503357 0.019002375296912115
3 0.6610738255033557 0.16389548693586697 0.11409395973154363 0.021377672209026127
3 0.8406040268456376 0.16508313539192399 0.13087248322147652 0.019002375296912115
3 0.3699664429530201 0.18586698337292162 0.4110738255033557 0.015439429928741092
3 0.7567114093959731 0.18586698337292162 0.08053691275167785 0.017814726840855107
3 0.33053691275167785 0.20783847980997625 0.2684563758389262 0.019002375296912115
3 0.5536912751677853 0.25950118764845603 0.7114093959731543 0.08432304038004751
3 0.3036912751677852 0.31235154394299286 0.21140939597315436 0.019002375296912115
3 0.24161073825503357 0.334916864608076 0.23154362416107382 0.019002375296912115
3 0.2676174496644295 0.35510688836104515 0.14597315436241612 0.0166270783847981
3 0.41946308724832215 0.35570071258907365 0.09731543624161074 0.020190023752969122
3 0.552013422818792 0.35629453681710216 0.1040268456375839 0.021377672209026127
3 0.700503355704698 0.35570071258907365 0.12583892617449666 0.017814726840855107
3 0.8515100671140939 0.35748218527315917 0.11577181208053691 0.023752969121140142
3 0.33557046979865773 0.37767220902612825 0.2785234899328859 0.0166270783847981
3 0.552013422818792 0.37885985748218526 0.07718120805369127 0.019002375296912115
3 0.5654362416107382 0.3996437054631829 0.0738255033557047 0.020190023752969122
3 0.3389261744966443 0.3990498812351544 0.28859060402684567 0.021377672209026127
3 0.27684563758389263 0.42102137767220904 0.1644295302013423 0.017814726840855107
3 0.29697986577181207 0.44239904988123513 0.34563758389261745 0.015439429928741092
3 0.26677852348993286 0.46258907363420426 0.1476510067114094 0.017814726840855107
3 0.4429530201342282 0.46258907363420426 0.1342281879194631 0.017814726840855107
3 0.610738255033557 0.4643705463182898 0.12751677852348994 0.021377672209026127
3 0.799496644295302 0.4649643705463183 0.1761744966442953 0.022565320665083134
3 0.3145973154362416 0.4857482185273159 0.24328859060402686 0.019002375296912115
3 0.2197986577181208 0.505938242280285 0.18791946308724833 0.0166270783847981
3 0.19714765100671142 0.5415676959619953 0.09228187919463088 0.019002375296912115
3 0.5268456375838926 0.577790973871734 0.3825503355704698 0.017814726840855107
3 0.2533557046979866 0.6175771971496437 0.32550335570469796 0.021377672209026127
3 0.3104026845637584 0.6532066508313539 0.40604026845637586 0.03800475059382423
3 0.7013422818791947 0.6223277909738717 0.08053691275167785 0.021377672209026127
3 0.7030201342281879 0.7060570071258907 0.07718120805369127 0.020190023752969122
3 0.28942953020134227 0.7072446555819477 0.401006711409396 0.017814726840855107
3 0.31208053691275167 0.7369358669833729 0.40268456375838924 0.039192399049881234
0 0.17533557046979867 0.07838479809976247 0.025167785234899327 0.0166270783847981
0 0.17365771812080538 0.10095011876484561 0.028523489932885907 0.0166270783847981
0 0.10570469798657718 0.14192399049881235 0.026845637583892617 0.017814726840855107
0 0.17533557046979867 0.20665083135391923 0.028523489932885907 0.0166270783847981
0 0.174496644295302 0.22921615201900236 0.026845637583892617 0.019002375296912115
0 0.10654362416107382 0.3343230403800475 0.025167785234899327 0.015439429928741092
0 0.17533557046979867 0.35688836104513066 0.025167785234899327 0.017814726840855107
0 0.1761744966442953 0.37826603325415675 0.030201342281879196 0.017814726840855107
0 0.17533557046979867 0.3990498812351544 0.028523489932885907 0.019002375296912115
0 0.174496644295302 0.42161520190023755 0.026845637583892617 0.019002375296912115
0 0.35822147651006714 0.35688836104513066 0.02181208053691275 0.015439429928741092
0 0.4865771812080537 0.35629453681710216 0.02348993288590604 0.0166270783847981
0 0.6241610738255033 0.3586698337292161 0.026845637583892617 0.0166270783847981
0 0.7810402684563759 0.3580760095011877 0.025167785234899327 0.022565320665083134
0 0.10570469798657718 0.44239904988123513 0.030201342281879196 0.017814726840855107
0 0.17533557046979867 0.4637767220902613 0.025167785234899327 0.015439429928741092
0 0.17533557046979867 0.4845605700712589 0.028523489932885907 0.0166270783847981
0 0.35906040268456374 0.46199524940617576 0.026845637583892617 0.021377672209026127
0 0.5293624161073825 0.4643705463182898 0.028523489932885907 0.019002375296912115
0 0.6937919463087249 0.4649643705463183 0.025167785234899327 0.020190023752969122
0 0.10570469798657718 0.5065320665083135 0.02348993288590604 0.020190023752969122
3 0.50251677852349 0.7927553444180523 0.8204697986577181 0.017814726840855107
3 0.4983221476510067 0.8135391923990499 0.16778523489932887 0.019002375296912115
3 0.5033557046979866 0.8705463182897862 0.8288590604026845 0.06175771971496437