3 0.2726510067114094 0.09144893111638955 0.3875838926174497 0.026128266033254157
3 0.16275167785234898 0.12173396674584323 0.1174496644295302 0.032066508313539195
3 0.20973154362416108 0.15736342042755344 0.21140939597315436 0.032066508313539195
3 0.200503355704698 0.19239904988123516 0.1929530201342282 0.0332541567695962
3 0.18456375838926176 0.22209026128266032 0.1610738255033557 0.0332541567695962
3 0.23657718120805368 0.25593824228028506 0.2684563758389262 0.0344418052256532
3 0.2256711409395973 0.28859857482185275 0.24328859060402686 0.03800475059382423
3 0.20385906040268456 0.32244655581947745 0.19966442953020133 0.032066508313539195
3 0.16778523489932887 0.35391923990498814 0.12751677852348994 0.0332541567695962
3 0.2651006711409396 0.37945368171021376 0.31543624161073824 0.017814726840855107
3 0.3221476510067114 0.3978622327790974 0.4395973154362416 0.0166270783847981
3 0.24328859060402686 0.415083135391924 0.28187919463087246 0.015439429928741092
3 0.24664429530201343 0.42992874109263657 0.28523489932885904 0.014251781472684086
3 0.25083892617449666 0.45368171021377673 0.2936241610738255 0.0332541567695962
3 0.15100671140939598 0.4804038004750594 0.09395973154362416 0.020190023752969122
3 0.337248322147651 0.4809976247030879 0.22818791946308725 0.0166270783847981
3 0.6635906040268457 0.47980997624703087 0.37416107382550334 0.019002375296912115
3 0.2978187919463087 0.498812351543943 0.39429530201342283 0.0166270783847981
3 0.537751677852349 0.4994061757719715 0.028523489932885907 0.015439429928741092
3 0.7223154362416108 0.4982185273159145 0.25671140939597314 0.015439429928741092
3 0.11828859060402684 0.5166270783847982 0.03859060402684564 0.0166270783847981
3 0.14848993288590603 0.5362232779097387 0.10234899328859061 0.017814726840855107
3 0.32466442953020136 0.5350356294536817 0.04194630872483222 0.020190023752969122
3 0.5176174496644296 0.5380047505938242 0.11577181208053691 0.021377672209026127
3 0.7969798657718121 0.5362232779097387 0.13087248322147652 0.017814726840855107
3 0.25083892617449666 0.5546318289786223 0.30033557046979864 0.019002375296912115
3 0.2902684563758389 0.5736342042755345 0.3859060402684564 0.011876484560570071
3 0.674496644295302 0.5706650831353919 0.3523489932885906 0.010688836104513063
3 0.13087248322147652 0.5855106888361045 0.06711409395973154 0.014251781472684086
3 0.19463087248322147 0.586104513064133 0.026845637583892617 0.013064133016627079
3 0.540268456375839 0.586104513064133 0.6241610738255033 0.013064133016627079
3 0.15016778523489932 0.6015439429928741 0.10570469798657718 0.010688836104513063
3 0.3649328859060403 0.5991686460807601 0.08892617449664429 0.013064133016627079
3 0.6124161073825504 0.6009501187648456 0.1174496644295302 0.014251781472684086
3 0.8280201342281879 0.6009501187648456 0.0587248322147651 0.0166270783847981
3 0.3565436241610738 0.6175771971496437 0.5151006711409396 0.0166270783847981
0 0.09144295302013423 0.1169833729216152 0.02181208053691275 0.020190023752969122
0 0.09060402684563758 0.1514251781472684 0.026845637583892617 0.020190023752969122
0 0.08892617449664429 0.1834916864608076 0.02348993288590604 0.020190023752969122
0 0.08976510067114093 0.2161520190023753 0.025167785234899327 0.019002375296912115
0 0.08892617449664429 0.24821852731591448 0.030201342281879196 0.021377672209026127
0 0.08892617449664429 0.2808788598574822 0.030201342281879196 0.020190023752969122
0 0.087248322147651 0.3159144893111639 0.030201342281879196 0.021377672209026127
0 0.08976510067114093 0.3473871733966746 0.025167785234899327 0.020190023752969122
0 0.08892617449664429 0.3806413301662708 0.02348993288590604 0.017814726840855107
0 0.09060402684563758 0.4144893111638955 0.026845637583892617 0.019002375296912115
0 0.08892617449664429 0.4471496437054632 0.02348993288590604 0.020190023752969122
0 0.08892617449664429 0.47980997624703087 0.02348993288590604 0.019002375296912115
0 0.21308724832214765 0.47980997624703087 0.020134228187919462 0.019002375296912115
0 0.46476510067114096 0.4804038004750594 0.02348993288590604 0.020190023752969122
0 0.5092281879194631 0.5 0.025167785234899327 0.019002375296912115
0 0.5780201342281879 0.4994061757719715 0.025167785234899327 0.017814726840855107
1 0.4941275167785235 0.37648456057007124 0.13590604026845637 0.023752969121140142
1 0.4563758389261745 0.4144893111638955 0.1342281879194631 0.019002375296912115
1 0.21476510067114093 0.5166270783847982 0.1476510067114094 0.026128266033254157
1 0.2533557046979866 0.5362232779097387 0.10067114093959731 0.017814726840855107
1 0.40268456375838924 0.5380047505938242 0.11073825503355705 0.021377672209026127
1 0.6552013422818792 0.5368171021377672 0.1493288590604027 0.023752969121140142
1 0.2634228187919463 0.6009501187648456 0.11409395973154363 0.014251781472684086
1 0.4798657718120805 0.600356294536817 0.1342281879194631 0.015439429928741092
1 0.735738255033557 0.6015439429928741 0.11912751677852348 0.015439429928741092
0 0.21224832214765102 0.5706650831353919 0.008389261744966443 0.010688836104513063
0 0.17533557046979867 0.586104513064133 0.01174496644295302 0.013064133016627079
0 0.21895973154362416 0.586104513064133 0.015100671140939598 0.013064133016627079
0 0.49077181208053694 0.5724465558194775 0.01174496644295302 0.014251781472684086