3 0.5016778523489933 0.08788598574821853 0.29194630872483224 0.0332541567695962
3 0.17114093959731544 0.13598574821852732 0.0738255033557047 0.017814726840855107
3 0.7835570469798657 0.13717339667458434 0.2348993288590604 0.020190023752969122
3 0.17281879194630873 0.16389548693586697 0.06711409395973154 0.021377672209026127
3 0.3104026845637584 0.16270783847980996 0.02348993288590604 0.014251781472684086
3 0.40184563758389263 0.16330166270783847 0.025167785234899327 0.015439429928741092
3 0.5226510067114094 0.16330166270783847 0.07214765100671142 0.017814726840855107
3 0.6593959731543624 0.16270783847980996 0.026845637583892617 0.0166270783847981
3 0.7491610738255033 0.16389548693586697 0.028523489932885907 0.026128266033254157
3 0.8649328859060402 0.16152019002375298 0.06543624161073826 0.021377672209026127
3 0.8934563758389261 0.19180522565320665 0.025167785234899327 0.020190023752969122
3 0.537751677852349 0.18942992874109263 0.3976510067114094 0.022565320665083134
3 0.1593959731543624 0.19061757719714964 0.04697986577181208 0.020190023752969122
3 0.33305369127516776 0.2179334916864608 0.3976510067114094 0.020190023752969122
3 0.24496644295302014 0.251187648456057 0.15436241610738255 0.020190023752969122
3 0.575503355704698 0.25475059382422804 0.10067114093959731 0.02494061757719715
3 0.5855704697986577 0.28919239904988125 0.13087248322147652 0.017814726840855107
3 0.6543624161073825 0.3248218527315915 0.2651006711409396 0.020190023752969122
3 0.26677852348993286 0.28919239904988125 0.19798657718120805 0.02494061757719715
3 0.25838926174496646 0.32363420427553447 0.174496644295302 0.020190023752969122
3 0.3733221476510067 0.3580760095011877 0.401006711409396 0.022565320665083134
3 0.36325503355704697 0.38776722090261284 0.3775167785234899 0.020190023752969122
3 0.200503355704698 0.4192399049881235 0.0587248322147651 0.023752969121140142
3 0.21224832214765102 0.47802850356294535 0.06208053691275168 0.017814726840855107
3 0.43456375838926176 0.5106888361045131 0.13087248322147652 0.021377672209026127
3 0.16778523489932887 0.5653206650831354 0.10738255033557047 0.021377672209026127
3 0.2483221476510067 0.6235154394299287 0.26174496644295303 0.07363420427553444
3 0.7256711409395973 0.5979809976247031 0.15604026845637584 0.027315914489311165
3 0.7256711409395973 0.6876484560570071 0.15604026845637584 0.026128266033254157
3 0.7239932885906041 0.7749406175771971 0.1593959731543624 0.020190023752969122
3 0.24580536912751677 0.7108076009501187 0.2634228187919463 0.07007125890736342
3 0.2483221476510067 0.8016627078384798 0.25838926174496646 0.07125890736342043
3 0.47818791946308725 0.8931116389548693 0.7248322147651006 0.021377672209026127
1 0.436241610738255 0.13717339667458434 0.43288590604026844 0.017814726840855107
1 0.25419463087248323 0.16389548693586697 0.06879194630872483 0.019002375296912115
1 0.35906040268456374 0.166270783847981 0.04697986577181208 0.0166270783847981
1 0.45050335570469796 0.166270783847981 0.04194630872483222 0.0166270783847981
1 0.6015100671140939 0.16508313539192399 0.06879194630872483 0.0166270783847981
1 0.7055369127516778 0.1668646080760095 0.04530201342281879 0.015439429928741092
1 0.799496644295302 0.167458432304038 0.04530201342281879 0.014251781472684086
1 0.8078859060402684 0.19358669833729217 0.13590604026845637 0.0166270783847981
1 0.26174496644295303 0.19180522565320665 0.15436241610738255 0.020190023752969122
1 0.5251677852348994 0.42220902612826605 0.5805369127516778 0.017814726840855107
1 0.24412751677852348 0.5124703087885986 0.24664429530201343 0.017814726840855107
0 0.14848993288590603 0.252375296912114 0.028523489932885907 0.020190023752969122
0 0.5016778523489933 0.2529691211401425 0.030201342281879196 0.021377672209026127
0 0.50251677852349 0.28919239904988125 0.031879194630872486 0.020190023752969122
0 0.50251677852349 0.32363420427553447 0.03523489932885906 0.020190023752969122
0 0.14848993288590603 0.28800475059382424 0.031879194630872486 0.020190023752969122
0 0.1476510067114094 0.3248218527315915 0.030201342281879196 0.020190023752969122
0 0.1493288590604027 0.35748218527315917 0.03355704697986577 0.023752969121140142
0 0.1476510067114094 0.38895486935866985 0.03691275167785235 0.02494061757719715
0 0.14848993288590603 0.42399049881235157 0.03859060402684564 0.028503562945368172