3 0.09060402684563758 0.07185273159144893 0.03691275167785235 0.015439429928741092
3 0.610738255033557 0.07185273159144893 0.6308724832214765 0.015439429928741092
3 0.49916107382550334 0.10629453681710213 0.8473154362416108 0.048693586698337295
1 0.19966442953020133 0.07244655581947744 0.17785234899328858 0.019002375296912115
3 0.4983221476510067 0.1840855106888361 0.8489932885906041 0.0997624703087886
3 0.2676174496644295 0.2642517814726841 0.39093959731543626 0.017814726840855107
3 0.18708053691275167 0.2850356294536817 0.18288590604026847 0.0166270783847981
3 0.27348993288590606 0.3016627078384798 0.36577181208053694 0.014251781472684086
3 0.2860738255033557 0.3188836104513064 0.3808724832214765 0.015439429928741092
3 0.5964765100671141 0.3182897862232779 0.16610738255033558 0.0166270783847981
3 0.4161073825503356 0.336104513064133 0.6510067114093959 0.014251781472684086
3 0.34395973154362414 0.3503562945368171 0.4664429530201342 0.011876484560570071
3 0.18624161073825504 0.3669833729216152 0.18120805369127516 0.0166270783847981
3 0.2726510067114094 0.3824228028503563 0.36073825503355705 0.009501187648456057
3 0.43708053691275167 0.4008313539192399 0.6795302013422819 0.015439429928741092
3 0.5083892617449665 0.42339667458432306 0.8322147651006712 0.027315914489311165
3 0.2256711409395973 0.45486935866983375 0.2634228187919463 0.030878859857482184
3 0.22651006711409397 0.48752969121140144 0.25838926174496646 0.032066508313539195
3 0.19379194630872484 0.5130641330166271 0.19966442953020133 0.0166270783847981
3 0.4228187919463087 0.5118764845605701 0.21140939597315436 0.0166270783847981
3 0.5889261744966443 0.5130641330166271 0.09731543624161074 0.0166270783847981
3 0.7139261744966443 0.5124703087885986 0.11241610738255034 0.017814726840855107
3 0.5192953020134228 0.5308788598574822 0.8070469798657718 0.0166270783847981
3 0.20134228187919462 0.5498812351543944 0.18120805369127516 0.0166270783847981
3 0.32802013422818793 0.5510688836104513 0.02181208053691275 0.0166270783847981
3 0.5260067114093959 0.5498812351543944 0.25671140939597314 0.0166270783847981
3 0.863255033557047 0.5492874109263658 0.11577181208053691 0.017814726840855107
3 0.13590604026845637 0.5700712589073634 0.0436241610738255 0.0166270783847981
3 0.3196308724832215 0.5694774346793349 0.10570469798657718 0.015439429928741092
3 0.7239932885906041 0.5700712589073634 0.4110738255033557 0.0166270783847981
3 0.40184563758389263 0.5855106888361045 0.6191275167785235 0.011876484560570071
3 0.7533557046979866 0.584916864608076 0.05704697986577181 0.013064133016627079
3 0.49161073825503354 0.600356294536817 0.7651006711409396 0.013064133016627079
3 0.337248322147651 0.6152019002375297 0.4563758389261745 0.009501187648456057
3 0.5922818791946308 0.6152019002375297 0.02348993288590604 0.009501187648456057
3 0.6333892617449665 0.6152019002375297 0.025167785234899327 0.009501187648456057
3 0.7860738255033557 0.6146080760095012 0.27684563758389263 0.010688836104513063
3 0.311241610738255 0.6300475059382423 0.4110738255033557 0.010688836104513063
3 0.6719798657718121 0.6294536817102138 0.10234899328859061 0.011876484560570071
3 0.8901006711409396 0.6294536817102138 0.06879194630872483 0.011876484560570071
3 0.1417785234899329 0.6442992874109263 0.06208053691275168 0.010688836104513063
3 0.5696308724832215 0.6442992874109263 0.5654362416107382 0.013064133016627079
1 0.7298657718120806 0.5510688836104513 0.14429530201342283 0.0166270783847981
1 0.4437919463087248 0.5706650831353919 0.13926174496644295 0.015439429928741092
1 0.21140939597315436 0.5706650831353919 0.10067114093959731 0.015439429928741092
0 0.08557046979865772 0.2856294536817102 0.02348993288590604 0.017814726840855107
0 0.08389261744966443 0.3188836104513064 0.02348993288590604 0.015439429928741092
0 0.5041946308724832 0.3182897862232779 0.018456375838926176 0.0166270783847981
0 0.08473154362416108 0.3657957244655582 0.02181208053691275 0.0166270783847981
0 0.08389261744966443 0.3996437054631829 0.02348993288590604 0.015439429928741092
0 0.08389261744966443 0.44655581947743467 0.02348993288590604 0.0166270783847981
0 0.08473154362416108 0.47980997624703087 0.025167785234899327 0.0166270783847981
0 0.08389261744966443 0.5142517814726841 0.020134228187919462 0.0166270783847981
0 0.3053691275167785 0.5124703087885986 0.020134228187919462 0.015439429928741092
0 0.6476510067114094 0.5136579572446556 0.02348993288590604 0.017814726840855107
0 0.3053691275167785 0.5498812351543944 0.020134228187919462 0.0166270783847981
0 0.36661073825503354 0.5504750593824228 0.025167785234899327 0.015439429928741092
0 0.10486577181208054 0.5314726840855107 0.02181208053691275 0.017814726840855107