3 0.2684563758389262 0.07125890736342043 0.38926174496644295 0.021377672209026127
3 0.41191275167785235 0.09501187648456057 0.6325503355704698 0.0166270783847981
3 0.3162751677852349 0.11223277909738717 0.4412751677852349 0.010688836104513063
3 0.6073825503355704 0.11282660332541568 0.0436241610738255 0.009501187648456057
3 0.3347315436241611 0.12826603325415678 0.47818791946308725 0.0166270783847981
3 0.5109060402684564 0.1514251781472684 0.8338926174496645 0.02494061757719715
3 0.38674496644295303 0.17636579572446556 0.575503355704698 0.015439429928741092
3 0.5109060402684564 0.2007125890736342 0.837248322147651 0.026128266033254157
3 0.2625838926174497 0.22980997624703087 0.33053691275167785 0.029691211401425176
3 0.5125838926174496 0.27612826603325413 0.8305369127516778 0.060570071258907364
3 0.18540268456375839 0.3176959619952494 0.17953020134228187 0.015439429928741092
3 0.3934563758389262 0.333729216152019 0.5989932885906041 0.011876484560570071
3 0.3263422818791946 0.3503562945368171 0.41778523489932884 0.014251781472684086
3 0.5939597315436241 0.3515439429928741 0.05704697986577181 0.019002375296912115
3 0.6728187919463087 0.3515439429928741 0.06040268456375839 0.019002375296912115
3 0.785234899328859 0.3503562945368171 0.1174496644295302 0.0166270783847981
3 0.8901006711409396 0.3497624703087886 0.04865771812080537 0.017814726840855107
3 0.40436241610738255 0.36995249406175773 0.5771812080536913 0.015439429928741092
3 0.7407718120805369 0.37114014251781474 0.06208053691275168 0.013064133016627079
3 0.8171140939597316 0.37232779097387175 0.050335570469798654 0.013064133016627079
3 0.8926174496644296 0.37292161520190026 0.06040268456375839 0.011876484560570071
3 0.14093959731543623 0.3859857482185273 0.053691275167785234 0.009501187648456057
3 0.21476510067114093 0.38657957244655583 0.06040268456375839 0.010688836104513063
3 0.3347315436241611 0.4020190023752969 0.43456375838926176 0.015439429928741092
3 0.6090604026845637 0.4026128266033254 0.053691275167785234 0.014251781472684086
3 0.6862416107382551 0.4026128266033254 0.050335570469798654 0.0166270783847981
3 0.7927852348993288 0.4014251781472684 0.11241610738255034 0.0166270783847981
3 0.9010067114093959 0.4014251781472684 0.050335570469798654 0.014251781472684086
3 0.39932885906040266 0.4192399049881235 0.5637583892617449 0.011876484560570071
3 0.7399328859060402 0.42042755344418054 0.06375838926174497 0.009501187648456057
3 0.8145973154362416 0.42042755344418054 0.04865771812080537 0.011876484560570071
3 0.8934563758389261 0.42220902612826605 0.06208053691275168 0.010688836104513063
3 0.14261744966442952 0.4340855106888361 0.050335570469798654 0.010688836104513063
3 0.21308724832214765 0.4340855106888361 0.053691275167785234 0.010688836104513063
3 0.22399328859060402 0.4513064133016627 0.21308724832214765 0.0166270783847981
3 0.39093959731543626 0.4501187648456057 0.053691275167785234 0.0166270783847981
3 0.4714765100671141 0.4489311163895487 0.053691275167785234 0.0166270783847981
3 0.5830536912751678 0.4477434679334917 0.11577181208053691 0.0166270783847981
3 0.6895973154362416 0.4489311163895487 0.04697986577181208 0.0166270783847981
3 0.3296979865771812 0.4673396674584323 0.4312080536912752 0.010688836104513063
3 0.5981543624161074 0.4673396674584323 0.06543624161073826 0.013064133016627079
3 0.6703020134228188 0.4679334916864608 0.04865771812080537 0.011876484560570071
3 0.7676174496644296 0.4673396674584323 0.11241610738255034 0.010688836104513063
3 0.8691275167785235 0.4673396674584323 0.050335570469798654 0.010688836104513063
3 0.3959731543624161 0.4821852731591449 0.5570469798657718 0.0166270783847981
3 0.7265100671140939 0.4839667458432304 0.04697986577181208 0.015439429928741092
3 0.8078859060402684 0.4827790973871734 0.05201342281879195 0.015439429928741092
3 0.8917785234899329 0.4839667458432304 0.0587248322147651 0.015439429928741092
3 0.14429530201342283 0.501187648456057 0.0436241610738255 0.014251781472684086
3 0.2273489932885906 0.5005938242280285 0.04530201342281879 0.015439429928741092
3 0.5008389261744967 0.5184085510688836 0.7734899328859061 0.010688836104513063
3 0.16610738255033558 0.5320665083135392 0.06375838926174497 0.009501187648456057
3 0.23909395973154363 0.5314726840855107 0.04530201342281879 0.010688836104513063
3 0.337248322147651 0.5320665083135392 0.11073825503355705 0.009501187648456057
3 0.44043624161073824 0.5320665083135392 0.05536912751677853 0.009501187648456057
0 0.08389261744966443 0.09560570071258907 0.026845637583892617 0.017814726840855107
0 0.08305369127516779 0.12767220902612827 0.02181208053691275 0.017814726840855107
0 0.08473154362416108 0.17577197149643706 0.02181208053691275 0.0166270783847981
0 0.08389261744966443 0.22209026128266032 0.020134228187919462 0.0166270783847981
0 0.08389261744966443 0.25593824228028506 0.02348993288590604 0.017814726840855107
0 0.08473154362416108 0.3176959619952494 0.025167785234899327 0.017814726840855107
0 0.10570469798657718 0.3509501187648456 0.02348993288590604 0.017814726840855107
0 0.5536912751677853 0.3503562945368171 0.020134228187919462 0.014251781472684086
0 0.6333892617449665 0.3503562945368171 0.02181208053691275 0.019002375296912115
0 0.7139261744966443 0.3503562945368171 0.02181208053691275 0.0166270783847981
0 0.8548657718120806 0.3497624703087886 0.02181208053691275 0.017814726840855107
0 0.6996644295302014 0.36995249406175773 0.010067114093959731 0.010688836104513063
0 0.7818791946308725 0.37173396674584325 0.013422818791946308 0.011876484560570071
0 0.8515100671140939 0.37114014251781474 0.01174496644295302 0.00831353919239905
0 0.10486577181208054 0.4020190023752969 0.02181208053691275 0.015439429928741092
0 0.5713087248322147 0.4026128266033254 0.02181208053691275 0.0166270783847981
0 0.6484899328859061 0.4026128266033254 0.02181208053691275 0.0166270783847981
0 0.7265100671140939 0.4026128266033254 0.02348993288590604 0.0166270783847981
0 0.8640939597315436 0.4014251781472684 0.020134228187919462 0.0166270783847981
0 0.8506711409395973 0.42042755344418054 0.010067114093959731 0.009501187648456057
0 0.6535234899328859 0.4501187648456057 0.02181208053691275 0.019002375296912115
0 0.5134228187919463 0.4501187648456057 0.020134228187919462 0.0166270783847981
0 0.43288590604026844 0.4501187648456057 0.02348993288590604 0.019002375296912115
0 0.3523489932885906 0.4495249406175772 0.020134228187919462 0.015439429928741092
0 0.1040268456375839 0.4501187648456057 0.02348993288590604 0.019002375296912115
0 0.1040268456375839 0.4833729216152019 0.02348993288590604 0.0166270783847981
0 0.18959731543624161 0.501187648456057 0.02348993288590604 0.0166270783847981
0 0.5570469798657718 0.4673396674584323 0.010067114093959731 0.010688836104513063
0 0.636744966442953 0.4679334916864608 0.01174496644295302 0.009501187648456057
0 0.7021812080536913 0.4661520190023753 0.01174496644295302 0.010688836104513063
0 0.834731543624161 0.4661520190023753 0.01174496644295302 0.010688836104513063
0 0.6937919463087249 0.4845605700712589 0.02181208053691275 0.019002375296912115
0 0.7718120805369127 0.4839667458432304 0.020134228187919462 0.017814726840855107
0 0.8498322147651006 0.4839667458432304 0.02181208053691275 0.017814726840855107
0 0.40268456375838924 0.5326603325415677 0.010067114093959731 0.010688836104513063
0 0.2709731543624161 0.5320665083135392 0.01174496644295302 0.009501187648456057
0 0.20721476510067113 0.5326603325415677 0.01174496644295302 0.00831353919239905
0 0.1266778523489933 0.5332541567695962 0.008389261744966443 0.009501187648456057
0 0.10486577181208054 0.5480997624703088 0.025167785234899327 0.017814726840855107
0 0.10486577181208054 0.5967933491686461 0.02181208053691275 0.017814726840855107
0 0.1040268456375839 0.6300475059382423 0.02348993288590604 0.017814726840855107
0 0.10318791946308725 0.6763657957244655 0.025167785234899327 0.015439429928741092
0 0.7541946308724832 0.6769596199524941 0.02181208053691275 0.0166270783847981
0 0.8313758389261745 0.6769596199524941 0.02181208053691275 0.0166270783847981
0 0.912751677852349 0.6763657957244655 0.02348993288590604 0.017814726840855107
0 0.25 0.6953681710213777 0.02348993288590604 0.015439429928741092
0 0.2558724832214765 0.7274346793349169 0.01174496644295302 0.010688836104513063
0 0.3347315436241611 0.7268408551068883 0.01174496644295302 0.009501187648456057
0 0.4001677852348993 0.7280285035629454 0.01174496644295302 0.009501187648456057
0 0.5302013422818792 0.7286223277909739 0.013422818791946308 0.010688836104513063
0 0.08305369127516779 0.7434679334916865 0.025167785234899327 0.0166270783847981
0 0.1040268456375839 0.7761282660332541 0.026845637583892617 0.017814726840855107
0 0.1040268456375839 0.8081947743467933 0.026845637583892617 0.017814726840855107
0 0.10486577181208054 0.8562945368171021 0.02181208053691275 0.0166270783847981
0 0.08473154362416108 0.8889548693586699 0.025167785234899327 0.015439429928741092
0 0.08557046979865772 0.9233966745843231 0.02348993288590604 0.017814726840855107
3 0.5209731543624161 0.5623515439429929 0.8070469798657718 0.043942992874109264
3 0.5151006711409396 0.6027315914489311 0.7919463087248322 0.032066508313539195
3 0.5226510067114094 0.6437054631828979 0.8104026845637584 0.04513064133016627
3 0.42533557046979864 0.6769596199524941 0.6157718120805369 0.0166270783847981
3 0.7927852348993288 0.6769596199524941 0.05201342281879195 0.019002375296912115
3 0.8699664429530202 0.6769596199524941 0.05201342281879195 0.019002375296912115
3 0.17197986577181207 0.6959619952494062 0.11241610738255034 0.0166270783847981
3 0.28187919463087246 0.6953681710213777 0.03691275167785235 0.015439429928741092
3 0.5176174496644296 0.7131828978622328 0.8104026845637584 0.010688836104513063
3 0.17785234899328858 0.7262470308788599 0.13087248322147652 0.010688836104513063
3 0.2953020134228188 0.7268408551068883 0.06040268456375839 0.009501187648456057
3 0.36828859060402686 0.7274346793349169 0.04865771812080537 0.010688836104513063
3 0.4664429530201342 0.7268408551068883 0.11409395973154363 0.009501187648456057
3 0.5713087248322147 0.7280285035629454 0.0587248322147651 0.009501187648456057
3 0.49580536912751677 0.75 0.7969798657718121 0.032066508313539195
3 0.47315436241610737 0.7820665083135392 0.7114093959731543 0.029691211401425176
3 0.3766778523489933 0.8087885985748219 0.5184563758389261 0.014251781472684086
3 0.7298657718120806 0.8076009501187649 0.09731543624161074 0.019002375296912115
3 0.5192953020134228 0.8242280285035629 0.8104026845637584 0.011876484560570071
3 0.23993288590604026 0.8390736342042755 0.2483221476510067 0.013064133016627079
3 0.4203020134228188 0.8390736342042755 0.04865771812080537 0.010688836104513063
3 0.17533557046979867 0.8562945368171021 0.11912751677852348 0.014251781472684086
3 0.31543624161073824 0.8551068883610451 0.0738255033557047 0.014251781472684086
3 0.37919463087248323 0.8729216152019003 0.5234899328859061 0.014251781472684086
3 0.7156040268456376 0.8741092636579573 0.05201342281879195 0.011876484560570071
3 0.34731543624161076 0.8895486935866983 0.49328859060402686 0.0166270783847981
3 0.36577181208053694 0.9061757719714965 0.5436241610738255 0.011876484560570071
3 0.3573825503355705 0.9228028503562945 0.5167785234899329 0.014251781472684086
3 0.436241610738255 0.9394299287410927 0.6845637583892618 0.011876484560570071
1 0.660234899328859 0.8081947743467933 0.04194630872483222 0.015439429928741092
1 0.37919463087248323 0.8408551068883611 0.026845637583892617 0.014251781472684086
1 0.25671140939597314 0.8568883610451307 0.040268456375838924 0.015439429928741092
1 0.6661073825503355 0.8758907363420427 0.040268456375838924 0.017814726840855107