3 0.23781512605042016 0.06532066508313539 0.22016806722689075 0.019002375296912115
3 0.5361344537815126 0.08847980997624703 0.6151260504201681 0.02494061757719715
3 0.20336134453781513 0.11282660332541568 0.14453781512605043 0.026128266033254157
3 0.22857142857142856 0.16923990498812352 0.19831932773109243 0.06294536817102138
3 0.6310924369747899 0.1490498812351544 0.18319327731092436 0.027315914489311165
3 0.2134453781512605 0.22624703087885986 0.16806722689075632 0.027315914489311165
3 0.23529411764705882 0.27850356294536815 0.21512605042016808 0.060570071258907364
3 0.3319327731092437 0.34085510688836107 0.4117647058823529 0.03800475059382423
3 0.5336134453781513 0.3812351543942993 0.8050420168067227 0.03800475059382423
3 0.5319327731092437 0.42339667458432306 0.8050420168067227 0.03681710213776722
3 0.5327731092436975 0.46258907363420426 0.8067226890756303 0.03681710213776722
3 0.5260504201680672 0.5041567695961995 0.7932773109243697 0.03681710213776722
3 0.5285714285714286 0.5445368171021377 0.7949579831932773 0.0344418052256532
3 0.5285714285714286 0.583729216152019 0.7949579831932773 0.03681710213776722
3 0.5226890756302521 0.6235154394299287 0.7865546218487395 0.035629453681710214
3 0.5235294117647059 0.663895486935867 0.7949579831932773 0.03800475059382423
3 0.5252100840336135 0.7048693586698337 0.8016806722689076 0.03681710213776722
3 0.5260504201680672 0.746437054631829 0.8 0.03681710213776722
3 0.16050420168067228 0.7885985748218527 0.06890756302521009 0.0166270783847981
3 0.5252100840336135 0.8165083135391924 0.8016806722689076 0.03681710213776722
3 0.5252100840336135 0.8568883610451307 0.7915966386554621 0.0344418052256532
3 0.526890756302521 0.8984560570071259 0.7949579831932773 0.039192399049881234