1 0.19211409395973153 0.06591448931116389 0.08221476510067115 0.015439429928741092
1 0.38338926174496646 0.06532066508313539 0.02181208053691275 0.019002375296912115
1 0.18540268456375839 0.12885985748218529 0.07550335570469799 0.020190023752969122
1 0.5721476510067114 0.13004750593824227 0.06040268456375839 0.022565320665083134
1 0.7130872483221476 0.12885985748218529 0.06711409395973154 0.020190023752969122
1 0.6258389261744967 0.15201900237529692 0.5100671140939598 0.0166270783847981
1 0.4983221476510067 0.17220902612826602 0.7080536912751678 0.021377672209026127
1 0.35570469798657717 0.2161520190023753 0.07046979865771812 0.019002375296912115
1 0.5713087248322147 0.2167458432304038 0.07214765100671142 0.020190023752969122
1 0.7130872483221476 0.21437054631828978 0.06375838926174497 0.020190023752969122
1 0.6191275167785235 0.2375296912114014 0.5134228187919463 0.0166270783847981
1 0.5050335570469798 0.25950118764845603 0.7315436241610739 0.020190023752969122
1 0.19043624161073824 0.34441805225653205 0.07214765100671142 0.021377672209026127
1 0.29446308724832215 0.34382422802850354 0.06208053691275168 0.015439429928741092
1 0.540268456375839 0.34382422802850354 0.05704697986577181 0.017814726840855107
1 0.3422818791946309 0.8557007125890737 0.04697986577181208 0.015439429928741092
3 0.30201342281879195 0.06472684085510688 0.1342281879194631 0.017814726840855107
3 0.625 0.0665083135391924 0.4546979865771812 0.026128266033254157
3 0.1837248322147651 0.10629453681710213 0.1325503355704698 0.017814726840855107
3 0.38338926174496646 0.12767220902612827 0.313758389261745 0.017814726840855107
3 0.6417785234899329 0.12885985748218529 0.07214765100671142 0.022565320665083134
3 0.8129194630872483 0.12767220902612827 0.12919463087248323 0.022565320665083134
3 0.25419463087248323 0.1508313539192399 0.2332214765100671 0.019002375296912115
3 0.22818791946308725 0.21437054631828978 0.18120805369127516 0.015439429928741092
3 0.4639261744966443 0.21377672209026127 0.13590604026845637 0.0166270783847981
3 0.6426174496644296 0.21437054631828978 0.07046979865771812 0.027315914489311165
3 0.8154362416107382 0.21199524940617578 0.13087248322147652 0.02494061757719715
3 0.2483221476510067 0.23515439429928742 0.22483221476510068 0.019002375296912115
3 0.2332214765100671 0.32125890736342044 0.23154362416107382 0.020190023752969122
3 0.24328859060402686 0.34085510688836107 0.03355704697986577 0.019002375296912115
3 0.41778523489932884 0.34501187648456055 0.18120805369127516 0.020190023752969122
3 0.7307046979865772 0.34441805225653205 0.31711409395973156 0.023752969121140142
3 0.28859060402684567 0.3657957244655582 0.2651006711409396 0.019002375296912115
3 0.30788590604026844 0.40676959619952496 0.32046979865771813 0.017814726840855107
3 0.5125838926174496 0.586104513064133 0.7265100671140939 0.039192399049881234
3 0.5151006711409396 0.6490498812351544 0.7348993288590604 0.043942992874109264
3 0.4001677852348993 0.7161520190023754 0.575503355704698 0.040380047505938245
3 0.5050335570469798 0.7695961995249406 0.7550335570469798 0.06175771971496437
3 0.36828859060402686 0.8194774346793349 0.49161073825503354 0.03800475059382423
3 0.23909395973154363 0.8521377672209026 0.1493288590604027 0.020190023752969122
3 0.6208053691275168 0.8497624703087886 0.5033557046979866 0.020190023752969122
3 0.5226510067114094 0.8842042755344418 0.7130872483221476 0.039192399049881234
2 0.4974832214765101 0.4804038004750594 0.7130872483221476 0.12945368171021376