1 0.7491610738255033 0.14429928741092637 0.028523489932885907 0.017814726840855107
3 0.5016778523489933 0.09026128266033254 0.5 0.0498812351543943
3 0.2558724832214765 0.14311163895486936 0.33053691275167785 0.017814726840855107
3 0.5545302013422819 0.14251781472684086 0.15604026845637584 0.023752969121140142
3 0.5545302013422819 0.16983372921615203 0.1593959731543624 0.019002375296912115
3 0.5562080536912751 0.19418052256532067 0.1593959731543624 0.022565320665083134
3 0.5545302013422819 0.2209026128266033 0.1593959731543624 0.021377672209026127
3 0.5486577181208053 0.24762470308788598 0.19798657718120805 0.02494061757719715
3 0.5041946308724832 0.27078384798099764 0.8204697986577181 0.021377672209026127
3 0.14261744966442952 0.31057007125890734 0.09731543624161074 0.015439429928741092
3 0.40436241610738255 0.31057007125890734 0.026845637583892617 0.017814726840855107
3 0.46812080536912754 0.31116389548693585 0.02348993288590604 0.019002375296912115
3 0.5327181208053692 0.31116389548693585 0.02181208053691275 0.0166270783847981
3 0.7307046979865772 0.31057007125890734 0.35067114093959734 0.022565320665083134
3 0.15268456375838926 0.33669833729216153 0.02348993288590604 0.017814726840855107
3 0.20469798657718122 0.336104513064133 0.02348993288590604 0.019002375296912115
3 0.26677852348993286 0.33729216152019004 0.02348993288590604 0.0166270783847981
3 0.37583892617449666 0.33729216152019004 0.174496644295302 0.019002375296912115
3 0.19798657718120805 0.3640142517814727 0.11073825503355705 0.015439429928741092
3 0.34563758389261745 0.36223277909738716 0.14429530201342283 0.011876484560570071
3 0.5746644295302014 0.36342042755344417 0.2634228187919463 0.009501187648456057
3 0.8850671140939598 0.36163895486935865 0.02181208053691275 0.015439429928741092
3 0.20889261744966442 0.38895486935866985 0.12919463087248323 0.015439429928741092
3 0.3389261744966443 0.38895486935866985 0.08389261744966443 0.015439429928741092
3 0.5528523489932886 0.38836104513064135 0.2936241610738255 0.014251781472684086
3 0.17869127516778524 0.42874109263657956 0.18624161073825504 0.019002375296912115
3 0.3221476510067114 0.42992874109263657 0.020134228187919462 0.021377672209026127
3 0.3859060402684564 0.42933491686460806 0.020134228187919462 0.020190023752969122
3 0.5629194630872483 0.42755344418052255 0.04865771812080537 0.023752969121140142
3 0.6401006711409396 0.42933491686460806 0.025167785234899327 0.020190023752969122
3 0.7030201342281879 0.42874109263657956 0.026845637583892617 0.019002375296912115
3 0.8154362416107382 0.42992874109263657 0.174496644295302 0.021377672209026127
3 0.2214765100671141 0.45546318289786225 0.15771812080536912 0.020190023752969122
3 0.34731543624161076 0.45427553444180524 0.030201342281879196 0.020190023752969122
3 0.42449664429530204 0.45605700712589076 0.050335570469798654 0.021377672209026127
3 0.49580536912751677 0.45427553444180524 0.025167785234899327 0.020190023752969122
3 0.572986577181208 0.45546318289786225 0.04865771812080537 0.020190023752969122
3 0.6593959731543624 0.45605700712589076 0.09395973154362416 0.021377672209026127
3 0.22063758389261745 0.47980997624703087 0.14597315436241612 0.0166270783847981
3 0.5083892617449665 0.4804038004750594 0.0436241610738255 0.015439429928741092
3 0.5813758389261745 0.4809976247030879 0.0587248322147651 0.019002375296912115
3 0.6795302013422819 0.4821852731591449 0.10738255033557047 0.011876484560570071
3 0.8338926174496645 0.4827790973871734 0.15100671140939598 0.020190023752969122
3 0.4228187919463087 0.5077197149643705 0.5067114093959731 0.015439429928741092
3 0.8825503355704698 0.5083135391923991 0.040268456375838924 0.014251781472684086
3 0.17281879194630873 0.5338479809976246 0.053691275167785234 0.013064133016627079
3 0.24748322147651006 0.5332541567695962 0.05201342281879195 0.014251781472684086
3 0.36073825503355705 0.5344418052256532 0.12751677852348994 0.0166270783847981
3 0.4790268456375839 0.5356294536817102 0.06543624161073826 0.014251781472684086
3 0.610738255033557 0.5356294536817102 0.15436241610738255 0.0166270783847981
3 0.18456375838926176 0.5736342042755345 0.18456375838926176 0.0166270783847981
3 0.32550335570469796 0.5730403800475059 0.02348993288590604 0.020190023752969122
3 0.3901006711409396 0.5742280285035629 0.028523489932885907 0.022565320665083134
3 0.625 0.5754156769596199 0.05201342281879195 0.017814726840855107
3 0.7265100671140939 0.5736342042755345 0.07718120805369127 0.019002375296912115
3 0.8531879194630873 0.5730403800475059 0.09899328859060402 0.020190023752969122
3 0.20889261744966442 0.5997624703087886 0.07214765100671142 0.0166270783847981
3 0.33557046979865773 0.6009501187648456 0.10067114093959731 0.021377672209026127
3 0.5553691275167785 0.5997624703087886 0.25838926174496646 0.021377672209026127
3 0.17114093959731544 0.6264845605700713 0.05704697986577181 0.017814726840855107
3 0.2609060402684564 0.6264845605700713 0.025167785234899327 0.017814726840855107
3 0.3238255033557047 0.6264845605700713 0.026845637583892617 0.017814726840855107
3 0.537751677852349 0.6258907363420427 0.38422818791946306 0.021377672209026127
3 0.7894295302013423 0.6252969121140143 0.02181208053691275 0.020190023752969122
3 0.8649328859060402 0.6276722090261283 0.04865771812080537 0.027315914489311165
3 0.18288590604026847 0.6520190023752969 0.02348993288590604 0.0166270783847981
3 0.25922818791946306 0.6520190023752969 0.04530201342281879 0.026128266033254157
3 0.348993288590604 0.6543942992874109 0.1040268456375839 0.021377672209026127
3 0.2139261744966443 0.6787410926365796 0.14597315436241612 0.017814726840855107
3 0.5394295302013423 0.6781472684085511 0.04194630872483222 0.0166270783847981
3 0.6149328859060402 0.6799287410926366 0.0587248322147651 0.020190023752969122
3 0.790268456375839 0.6781472684085511 0.22818791946308725 0.019002375296912115
3 0.537751677852349 0.7048693586698337 0.3036912751677852 0.015439429928741092
3 0.287751677852349 0.7304038004750594 0.25 0.0166270783847981
3 0.7835570469798657 0.7309976247030879 0.24496644295302014 0.017814726840855107
3 0.18288590604026847 0.7565320665083135 0.08053691275167785 0.014251781472684086
3 0.6996644295302014 0.7583135391923991 0.4161073825503356 0.013064133016627079
3 0.42449664429530204 0.7838479809976246 0.10738255033557047 0.011876484560570071
3 0.5713087248322147 0.7844418052256532 0.14597315436241612 0.015439429928741092
3 0.7869127516778524 0.7832541567695962 0.24496644295302014 0.013064133016627079
3 0.26677852348993286 0.8111638954869359 0.2550335570469799 0.014251781472684086
3 0.6333892617449665 0.8111638954869359 0.08892617449664429 0.014251781472684086
3 0.7281879194630873 0.8099762470308789 0.050335570469798654 0.011876484560570071
3 0.8406040268456376 0.8105700712589073 0.13087248322147652 0.013064133016627079
3 0.19546979865771813 0.836104513064133 0.06208053691275168 0.009501187648456057
3 0.3263422818791946 0.83729216152019 0.1493288590604027 0.011876484560570071
3 0.17953020134228187 0.8764845605700713 0.18120805369127516 0.021377672209026127
1 0.5453020134228188 0.8776722090261283 0.5436241610738255 0.0166270783847981
1 0.49161073825503354 0.8117577197149644 0.18456375838926176 0.017814726840855107
1 0.2550335570469799 0.7850356294536817 0.20469798657718122 0.014251781472684086
1 0.3464765100671141 0.7589073634204275 0.2063758389261745 0.019002375296912115
1 0.5243288590604027 0.732185273159145 0.20973154362416108 0.020190023752969122
1 0.8045302013422819 0.7048693586698337 0.2063758389261745 0.022565320665083134
1 0.25419463087248323 0.7060570071258907 0.20302013422818793 0.020190023752969122
1 0.3934563758389262 0.6817102137767221 0.20973154362416108 0.019002375296912115
1 0.4983221476510067 0.6538004750593824 0.17785234899328858 0.022565320665083134
1 0.49916107382550334 0.5748218527315915 0.1761744966442953 0.021377672209026127
1 0.7692953020134228 0.5071258907363421 0.17281879194630873 0.023752969121140142
1 0.7927852348993288 0.45605700712589076 0.16275167785234898 0.021377672209026127
1 0.3775167785234899 0.4804038004750594 0.1610738255033557 0.022565320665083134
1 0.4714765100671141 0.42992874109263657 0.12751677852348994 0.021377672209026127
1 0.7885906040268457 0.36282660332541566 0.15771812080536912 0.017814726840855107
1 0.2860738255033557 0.31057007125890734 0.18288590604026847 0.02494061757719715
1 0.7491610738255033 0.17161520190023752 0.028523489932885907 0.015439429928741092
1 0.7491610738255033 0.1989311163895487 0.028523489932885907 0.013064133016627079
1 0.7491610738255033 0.22624703087885986 0.025167785234899327 0.017814726840855107
3 0.6862416107382551 0.14311163895486936 0.087248322147651 0.017814726840855107
3 0.8120805369127517 0.14311163895486936 0.08053691275167785 0.022565320665083134
3 0.8145973154362416 0.171021377672209 0.08221476510067115 0.0166270783847981
3 0.8137583892617449 0.19536817102137768 0.08053691275167785 0.015439429928741092
3 0.8171140939597316 0.22327790973871733 0.09060402684563758 0.0166270783847981
3 0.6862416107382551 0.17042755344418054 0.087248322147651 0.017814726840855107
3 0.6870805369127517 0.19714964370546317 0.08892617449664429 0.019002375296912115
3 0.6870805369127517 0.22327790973871733 0.08892617449664429 0.0166270783847981
0 0.45805369127516776 0.14251781472684086 0.030201342281879196 0.021377672209026127
0 0.4597315436241611 0.16923990498812352 0.030201342281879196 0.020190023752969122
0 0.4588926174496644 0.19655581947743467 0.028523489932885907 0.020190023752969122
0 0.4597315436241611 0.22209026128266032 0.030201342281879196 0.021377672209026127
0 0.44211409395973156 0.30938242280285033 0.028523489932885907 0.020190023752969122
0 0.5033557046979866 0.31057007125890734 0.03355704697986577 0.022565320665083134
0 0.17953020134228187 0.33669833729216153 0.026845637583892617 0.020190023752969122
0 0.23993288590604026 0.33669833729216153 0.030201342281879196 0.022565320665083134
0 0.26426174496644295 0.36223277909738716 0.018456375838926176 0.014251781472684086
0 0.4303691275167785 0.36163895486935865 0.018456375838926176 0.015439429928741092
0 0.2860738255033557 0.38776722090261284 0.018456375838926176 0.015439429928741092
0 0.39429530201342283 0.38954869358669836 0.016778523489932886 0.0166270783847981
0 0.29697986577181207 0.42814726840855105 0.026845637583892617 0.022565320665083134
0 0.35906040268456374 0.42874109263657956 0.030201342281879196 0.023752969121140142
0 0.613255033557047 0.42874109263657956 0.028523489932885907 0.023752969121140142
0 0.6761744966442953 0.42874109263657956 0.030201342281879196 0.023752969121140142
0 0.32046979865771813 0.45486935866983375 0.030201342281879196 0.019002375296912115
0 0.38338926174496646 0.45486935866983375 0.028523489932885907 0.021377672209026127
0 0.47063758389261745 0.45486935866983375 0.028523489932885907 0.021377672209026127
0 0.5343959731543624 0.45546318289786225 0.031879194630872486 0.020190023752969122
0 0.47651006711409394 0.4804038004750594 0.016778523489932886 0.013064133016627079
0 0.5444630872483222 0.4821852731591449 0.018456375838926176 0.0166270783847981
0 0.7483221476510067 0.47980997624703087 0.013422818791946308 0.014251781472684086
0 0.15771812080536912 0.5071258907363421 0.016778523489932886 0.0166270783847981
0 0.20973154362416108 0.5338479809976246 0.016778523489932886 0.015439429928741092
0 0.2835570469798658 0.5338479809976246 0.016778523489932886 0.015439429928741092
0 0.438758389261745 0.5344418052256532 0.015100671140939598 0.0166270783847981
0 0.5226510067114094 0.5338479809976246 0.018456375838926176 0.015439429928741092
0 0.2986577181208054 0.5748218527315915 0.030201342281879196 0.021377672209026127
0 0.36073825503355705 0.5742280285035629 0.030201342281879196 0.022565320665083134
0 0.674496644295302 0.5736342042755345 0.030201342281879196 0.021377672209026127
0 0.7894295302013423 0.5748218527315915 0.031879194630872486 0.021377672209026127
0 0.1568791946308725 0.5997624703087886 0.028523489932885907 0.019002375296912115
0 0.2701342281879195 0.6009501187648456 0.030201342281879196 0.021377672209026127
0 0.4077181208053691 0.5991686460807601 0.026845637583892617 0.020190023752969122
0 0.23154362416107382 0.6258907363420427 0.026845637583892617 0.019002375296912115
0 0.2961409395973154 0.6252969121140143 0.028523489932885907 0.022565320665083134
0 0.7609060402684564 0.6258907363420427 0.028523489932885907 0.021377672209026127
0 0.8246644295302014 0.6258907363420427 0.028523489932885907 0.021377672209026127
0 0.15604026845637584 0.6526128266033254 0.026845637583892617 0.022565320665083134
0 0.22231543624161074 0.6526128266033254 0.028523489932885907 0.022565320665083134
0 0.5100671140939598 0.6781472684085511 0.02348993288590604 0.0166270783847981
0 0.575503355704698 0.6787410926365796 0.020134228187919462 0.015439429928741092
0 0.6669463087248322 0.6787410926365796 0.018456375838926176 0.015439429928741092
0 0.15436241610738255 0.7309976247030879 0.02348993288590604 0.013064133016627079
0 0.6501677852348994 0.7304038004750594 0.015100671140939598 0.0166270783847981
0 0.48070469798657717 0.755938242280285 0.018456375838926176 0.015439429928741092
0 0.48825503355704697 0.7838479809976246 0.016778523489932886 0.014251781472684086
0 0.6526845637583892 0.7838479809976246 0.016778523489932886 0.0166270783847981
0 0.6937919463087249 0.8087885985748219 0.018456375838926176 0.0166270783847981
0 0.7659395973154363 0.8099762470308789 0.018456375838926176 0.019002375296912115
0 0.15436241610738255 0.834916864608076 0.016778523489932886 0.014251781472684086
0 0.23825503355704697 0.8355106888361045 0.016778523489932886 0.017814726840855107