3 0.6124161073825504 0.07185273159144893 0.38926174496644295 0.048693586698337295
3 0.09815436241610738 0.11520190023752969 0.08557046979865772 0.0166270783847981
3 0.18456375838926176 0.11401425178147269 0.04697986577181208 0.014251781472684086
3 0.2936241610738255 0.11401425178147269 0.12751677852348994 0.0166270783847981
3 0.2256711409395973 0.13123515439429928 0.12919463087248323 0.015439429928741092
3 0.6023489932885906 0.10985748218527316 0.06040268456375839 0.013064133016627079
3 0.6828859060402684 0.10807600950118765 0.053691275167785234 0.014251781472684086
3 0.837248322147651 0.10926365795724466 0.2080536912751678 0.0166270783847981
3 0.7743288590604027 0.12767220902612827 0.22986577181208054 0.015439429928741092
3 0.11493288590604027 0.17755344418052257 0.09899328859060402 0.032066508313539195
3 0.11325503355704698 0.21140142517814728 0.10234899328859061 0.030878859857482184
3 0.20721476510067113 0.24406175771971497 0.2835570469798658 0.029691211401425176
3 0.19211409395973153 0.2755344418052256 0.25671140939597314 0.030878859857482184
3 0.1040268456375839 0.31057007125890734 0.087248322147651 0.0344418052256532
3 0.5931208053691275 0.24287410926365796 0.05536912751677853 0.032066508313539195
3 0.6359060402684564 0.27731591448931114 0.14429530201342283 0.032066508313539195
3 0.4966442953020134 0.34263657957244653 0.3053691275167785 0.029691211401425176
3 0.5469798657718121 0.3669833729216152 0.40268456375838924 0.0166270783847981
3 0.5411073825503355 0.39429928741092635 0.39093959731543626 0.0332541567695962
3 0.19546979865771813 0.40380047505938244 0.20973154362416108 0.03800475059382423
3 0.19798657718120805 0.4578384798099763 0.22818791946308725 0.055819477434679333
3 0.12583892617449666 0.5356294536817102 0.12751677852348994 0.021377672209026127
3 0.18624161073825504 0.588479809976247 0.25838926174496646 0.017814726840855107
3 0.23573825503355705 0.6431116389548693 0.3540268456375839 0.020190023752969122
3 0.3850671140939597 0.6947743467933492 0.6493288590604027 0.019002375296912115
3 0.4161073825503356 0.4192399049881235 0.1342281879194631 0.014251781472684086
3 0.5536912751677853 0.41983372921615203 0.08053691275167785 0.015439429928741092
3 0.7130872483221476 0.4180522565320665 0.18456375838926176 0.0166270783847981
3 0.4429530201342282 0.4346793349168646 0.18791946308724833 0.011876484560570071
3 0.4949664429530201 0.4584323040380047 0.2986577181208054 0.0332541567695962
3 0.6208053691275168 0.49346793349168644 0.5469798657718121 0.0344418052256532
0 0.49916107382550334 0.4192399049881235 0.025167785234899327 0.0166270783847981
0 0.6098993288590604 0.41983372921615203 0.02181208053691275 0.017814726840855107
0 0.15100671140939598 0.11282660332541568 0.016778523489932886 0.014251781472684086
0 0.14848993288590603 0.12885985748218529 0.018456375838926176 0.015439429928741092
0 0.21895973154362416 0.11342042755344418 0.018456375838926176 0.015439429928741092
0 0.6468120805369127 0.10748218527315914 0.018456375838926176 0.015439429928741092
0 0.6484899328859061 0.12529691211401425 0.018456375838926176 0.017814726840855107
0 0.7256711409395973 0.10926365795724466 0.018456375838926176 0.014251781472684086
3 0.10486577181208054 0.8236342042755345 0.08557046979865772 0.0344418052256532
3 0.11996644295302013 0.8580760095011877 0.11241610738255034 0.032066508313539195
3 0.1593959731543624 0.8913301662707839 0.19798657718120805 0.032066508313539195
3 0.12583892617449666 0.9245843230403801 0.12751677852348994 0.032066508313539195
3 0.5075503355704698 0.8266033254156769 0.08221476510067115 0.040380047505938245
3 0.625 0.8230403800475059 0.12583892617449666 0.030878859857482184
3 0.9110738255033557 0.8254156769596199 0.08053691275167785 0.035629453681710214
3 0.6434563758389261 0.8574821852731591 0.1593959731543624 0.030878859857482184
3 0.662751677852349 0.8913301662707839 0.19798657718120805 0.032066508313539195
3 0.6560402684563759 0.9233966745843231 0.18456375838926176 0.029691211401425176