3 0.18624161073825504 0.1021377672209026 0.08053691275167785 0.026128266033254157
3 0.43288590604026844 0.13182897862232779 0.5671140939597316 0.0166270783847981
3 0.8238255033557047 0.13182897862232779 0.0436241610738255 0.0166270783847981
3 0.2978187919463087 0.15320665083135393 0.29697986577181207 0.021377672209026127
3 0.6384228187919463 0.1543942992874109 0.12248322147651007 0.023752969121140142
3 0.839765100671141 0.15380047505938244 0.028523489932885907 0.017814726840855107
3 0.1610738255033557 0.17577197149643706 0.02348993288590604 0.019002375296912115
3 0.33557046979865773 0.17577197149643706 0.1342281879194631 0.019002375296912115
3 0.50251677852349 0.24703087885985747 0.7030201342281879 0.10688836104513064
3 0.2936241610738255 0.3176959619952494 0.29194630872483224 0.027315914489311165
3 0.5033557046979866 0.3824228028503563 0.7214765100671141 0.09501187648456057
3 0.5 0.46080760095011875 0.7080536912751678 0.04513064133016627
3 0.3934563758389262 0.6579572446555819 0.4412751677852349 0.24465558194774348
1 0.7583892617449665 0.1324228028503563 0.08053691275167785 0.022565320665083134
1 0.764261744966443 0.15736342042755344 0.11577181208053691 0.020190023752969122
1 0.5125838926174496 0.15617577197149643 0.11577181208053691 0.020190023752969122
1 0.5167785234899329 0.17814726840855108 0.21140939597315436 0.019002375296912115
1 0.22063758389261745 0.17695961995249407 0.09228187919463088 0.021377672209026127