3 0.5369127516778524 0.06413301662707839 0.22818791946308725 0.03800475059382423
3 0.2558724832214765 0.14667458432304037 0.2634228187919463 0.14133016627078385
3 0.7139261744966443 0.12945368171021376 0.39093959731543626 0.03800475059382423
3 0.23825503355704697 0.27078384798099764 0.22818791946308725 0.0997624703087886
3 0.7164429530201343 0.2695961995249406 0.38926174496644295 0.035629453681710214
3 0.22483221476510068 0.35451306413301664 0.2080536912751678 0.05819477434679335
3 0.6820469798657718 0.3640142517814727 0.32046979865771813 0.043942992874109264
3 0.20469798657718122 0.43883610451306415 0.17114093959731544 0.09619952494061758
3 0.4161073825503356 0.42399049881235157 0.1912751677852349 0.026128266033254157
3 0.1669463087248322 0.5326603325415677 0.09228187919463088 0.060570071258907364
3 0.5528523489932886 0.5391923990498813 0.06208053691275168 0.07363420427553444
3 0.2139261744966443 0.5950118764845606 0.17953020134228187 0.021377672209026127
3 0.4798657718120805 0.5985748218527316 0.12416107382550336 0.028503562945368172