3 0.5378151260504201 0.08907363420427554 0.2857142857142857 0.035629453681710214
3 0.23445378151260504 0.06532066508313539 0.23025210084033612 0.021377672209026127
3 0.23109243697478993 0.17636579572446556 0.20336134453781513 0.14608076009501186
3 0.7294117647058823 0.14786223277909738 0.39327731092436974 0.027315914489311165
3 0.226890756302521 0.32600950118764843 0.21512605042016808 0.14370546318289787
3 0.7260504201680672 0.2986935866983373 0.3865546218487395 0.027315914489311165
3 0.23025210084033612 0.4750593824228028 0.20840336134453782 0.14251781472684086
3 0.7243697478991596 0.4501187648456057 0.39327731092436974 0.028503562945368172
3 0.32016806722689073 0.6169833729216152 0.38823529411764707 0.12470308788598575
3 0.7294117647058823 0.6318289786223278 0.39327731092436974 0.09026128266033254
3 0.19411764705882353 0.7304038004750594 0.1495798319327731 0.0831353919239905
3 0.6352941176470588 0.7167458432304038 0.20504201680672268 0.0344418052256532
3 0.6378151260504201 0.8081947743467933 0.2 0.032066508313539195
3 0.19243697478991598 0.8188836104513064 0.13949579831932774 0.08194774346793349
3 0.31932773109243695 0.8895486935866983 0.39327731092436974 0.04275534441805225