3 0.1820469798657718 0.10095011876484561 0.06879194630872483 0.026128266033254157
3 0.43288590604026844 0.13064133016627077 0.5570469798657718 0.028503562945368172
1 0.7575503355704698 0.1324228028503563 0.08221476510067115 0.032066508313539195
3 0.8187919463087249 0.12826603325415678 0.03691275167785235 0.035629453681710214
3 0.30033557046979864 0.15498812351543942 0.29194630872483224 0.017814726840855107
3 0.6401006711409396 0.15558194774346792 0.12919463087248323 0.021377672209026127
3 0.8389261744966443 0.15558194774346792 0.026845637583892617 0.021377672209026127
3 0.16275167785234898 0.17695961995249407 0.02348993288590604 0.019002375296912115
3 0.337248322147651 0.17577197149643706 0.13087248322147652 0.021377672209026127
3 0.50251677852349 0.24703087885985747 0.7030201342281879 0.11163895486935867
3 0.29194630872483224 0.32185273159144895 0.28859060402684567 0.023752969121140142
3 0.5 0.41330166270783847 0.7080536912751678 0.15201900237529692
3 0.3976510067114094 0.6633016627078385 0.4429530201342282 0.2648456057007126
1 0.5134228187919463 0.15855106888361045 0.12080536912751678 0.020190023752969122
1 0.7651006711409396 0.15855106888361045 0.11409395973154363 0.020190023752969122
1 0.22399328859060402 0.17695961995249407 0.09563758389261745 0.021377672209026127
1 0.5184563758389261 0.17992874109263657 0.2181208053691275 0.020190023752969122