3 0.50251677852349 0.09085510688836104 0.18959731543624161 0.043942992874109264
3 0.1266778523489933 0.14073634204275534 0.06879194630872483 0.020190023752969122
3 0.25419463087248323 0.14014251781472684 0.10234899328859061 0.021377672209026127
3 0.43791946308724833 0.14014251781472684 0.17785234899328858 0.026128266033254157
3 0.6468120805369127 0.14073634204275534 0.15268456375838926 0.022565320665083134
3 0.8380872483221476 0.14073634204275534 0.14261744966442952 0.022565320665083134
3 0.7843959731543624 0.16270783847980996 0.23993288590604026 0.019002375296912115
3 0.25922818791946306 0.16152019002375298 0.11241610738255034 0.021377672209026127
3 0.2550335570469799 0.18824228028503562 0.3221476510067114 0.017814726840855107
3 0.7399328859060402 0.18705463182897863 0.3288590604026846 0.017814726840855107
3 0.49916107382550334 0.21021377672209027 0.8204697986577181 0.019002375296912115
3 0.1342281879194631 0.2333729216152019 0.08053691275167785 0.015439429928741092
3 0.6350671140939598 0.23159144893111638 0.5486577181208053 0.0166270783847981
3 0.20721476510067113 0.25475059382422804 0.23993288590604026 0.017814726840855107
3 0.3238255033557047 0.2749406175771972 0.40604026845637586 0.017814726840855107
3 0.5562080536912751 0.29453681710213775 0.7164429530201343 0.019002375296912115
3 0.3649328859060403 0.3165083135391924 0.34395973154362414 0.015439429928741092
3 0.6870805369127517 0.3165083135391924 0.17953020134228187 0.017814726840855107
3 0.8699664429530202 0.3147268408551069 0.07550335570469799 0.021377672209026127
3 0.3875838926174497 0.33669833729216153 0.3926174496644295 0.017814726840855107
3 0.7407718120805369 0.33669833729216153 0.18959731543624161 0.02494061757719715
3 0.8959731543624161 0.33788598574821854 0.03355704697986577 0.015439429928741092
3 0.2625838926174497 0.3586698337292161 0.13590604026845637 0.021377672209026127
3 0.587248322147651 0.3586698337292161 0.2214765100671141 0.0166270783847981
3 0.7894295302013423 0.36045130641330164 0.10234899328859061 0.020190023752969122
3 0.8959731543624161 0.36104513064133015 0.02348993288590604 0.021377672209026127
3 0.22399328859060402 0.3806413301662708 0.0587248322147651 0.017814726840855107
3 0.337248322147651 0.3806413301662708 0.0738255033557047 0.017814726840855107
3 0.4429530201342282 0.3830166270783848 0.06375838926174497 0.017814726840855107
3 0.5511744966442953 0.3824228028503563 0.07550335570469799 0.023752969121140142
3 0.3691275167785235 0.4020190023752969 0.348993288590604 0.015439429928741092
3 0.39177852348993286 0.42339667458432306 0.401006711409396 0.020190023752969122
3 0.401006711409396 0.44536817102137766 0.4161073825503356 0.019002375296912115
3 0.34395973154362414 0.4661520190023753 0.4429530201342282 0.017814726840855107
3 0.32046979865771813 0.48752969121140144 0.2516778523489933 0.017814726840855107
3 0.3548657718120805 0.5095011876484561 0.3238255033557047 0.0166270783847981
3 0.33808724832214765 0.5314726840855107 0.28691275167785235 0.017814726840855107
3 0.40939597315436244 0.5504750593824228 0.42953020134228187 0.020190023752969122
3 0.3389261744966443 0.5718527315914489 0.28859060402684567 0.020190023752969122
3 0.3338926174496644 0.5950118764845606 0.2785234899328859 0.019002375296912115
3 0.3934563758389262 0.6157957244655582 0.3976510067114094 0.020190023752969122
3 0.34815436241610737 0.6371733966745843 0.3070469798657718 0.020190023752969122
3 0.33808724832214765 0.6591448931116389 0.28691275167785235 0.019002375296912115
3 0.5511744966442953 0.6906175771971497 0.7164429530201343 0.03681710213776722
3 0.42533557046979864 0.7232779097387173 0.46140939597315433 0.019002375296912115
3 0.2902684563758389 0.7434679334916865 0.3288590604026846 0.019002375296912115
3 0.5528523489932886 0.7755344418052257 0.7130872483221476 0.03800475059382423
3 0.552013422818792 0.8171021377672208 0.7181208053691275 0.03800475059382423
3 0.5167785234899329 0.8598574821852731 0.7785234899328859 0.035629453681710214
3 0.4471476510067114 0.8937054631828979 0.5050335570469798 0.017814726840855107
3 0.552013422818792 0.9263657957244655 0.7181208053691275 0.04513064133016627
0 0.1912751677852349 0.14133016627078385 0.026845637583892617 0.0166270783847981
0 0.33640939597315433 0.14192399049881235 0.025167785234899327 0.017814726840855107
0 0.5570469798657718 0.14251781472684086 0.02348993288590604 0.0166270783847981
0 0.7567114093959731 0.14311163895486936 0.02348993288590604 0.020190023752969122
0 0.19043624161073824 0.16330166270783847 0.025167785234899327 0.015439429928741092
0 0.10570469798657718 0.2749406175771972 0.02348993288590604 0.017814726840855107
0 0.17281879194630873 0.29453681710213775 0.026845637583892617 0.019002375296912115
0 0.17365771812080538 0.4020190023752969 0.025167785234899327 0.017814726840855107
0 0.174496644295302 0.4245843230403801 0.026845637583892617 0.015439429928741092
0 0.17365771812080538 0.44596199524940616 0.025167785234899327 0.017814726840855107
0 0.10486577181208054 0.4673396674584323 0.025167785234899327 0.015439429928741092
0 0.1761744966442953 0.48752969121140144 0.026845637583892617 0.017814726840855107
0 0.174496644295302 0.5095011876484561 0.026845637583892617 0.0166270783847981
0 0.174496644295302 0.5314726840855107 0.026845637583892617 0.017814726840855107
0 0.17533557046979867 0.5528503562945368 0.028523489932885907 0.015439429928741092
0 0.174496644295302 0.5736342042755345 0.026845637583892617 0.0166270783847981
0 0.1761744966442953 0.5961995249406176 0.026845637583892617 0.0166270783847981
0 0.17365771812080538 0.6163895486935868 0.025167785234899327 0.0166270783847981
0 0.17533557046979867 0.6389548693586699 0.028523489932885907 0.0166270783847981
0 0.1761744966442953 0.6585510688836105 0.026845637583892617 0.015439429928741092
0 0.17365771812080538 0.6805225653206651 0.025167785234899327 0.019002375296912115
0 0.17701342281879195 0.7232779097387173 0.025167785234899327 0.019002375296912115
0 0.10570469798657718 0.745249406175772 0.02348993288590604 0.017814726840855107
0 0.17533557046979867 0.7666270783847982 0.028523489932885907 0.017814726840855107
0 0.17533557046979867 0.8099762470308789 0.025167785234899327 0.019002375296912115
0 0.1040268456375839 0.8509501187648456 0.02348993288590604 0.020190023752969122
0 0.17365771812080538 0.8942992874109263 0.025167785234899327 0.0166270783847981
0 0.174496644295302 0.915083135391924 0.026845637583892617 0.015439429928741092
1 0.48825503355704697 0.1668646080760095 0.3389261744966443 0.015439429928741092
1 0.4941275167785235 0.18942992874109263 0.14597315436241612 0.020190023752969122
1 0.2684563758389262 0.2333729216152019 0.174496644295302 0.022565320665083134
1 0.5671140939597316 0.3188836104513064 0.053691275167785234 0.015439429928741092
1 0.8053691275167785 0.3188836104513064 0.04697986577181208 0.020190023752969122
1 0.6115771812080537 0.34026128266033256 0.04865771812080537 0.017814726840855107
1 0.8548657718120806 0.33966745843230406 0.031879194630872486 0.021377672209026127
1 0.8598993288590604 0.36223277909738716 0.03523489932885906 0.0166270783847981
1 0.7164429530201343 0.36045130641330164 0.03691275167785235 0.020190023752969122
1 0.40436241610738255 0.35985748218527314 0.13758389261744966 0.019002375296912115
1 0.27684563758389263 0.3830166270783848 0.03691275167785235 0.015439429928741092
1 0.39429530201342283 0.3836104513064133 0.030201342281879196 0.021377672209026127
1 0.49328859060402686 0.3836104513064133 0.03355704697986577 0.019002375296912115
1 0.6065436241610739 0.3842042755344418 0.025167785234899327 0.022565320665083134