3 0.5386554621848739 0.08907363420427554 0.46554621848739497 0.028503562945368172
3 0.2319327731092437 0.17339667458432304 0.2218487394957983 0.14014251781472684
3 0.7327731092436974 0.1514251781472684 0.3899159663865546 0.020190023752969122
3 0.2319327731092437 0.32304038004750596 0.2218487394957983 0.1377672209026128
3 0.7235294117647059 0.2986935866983373 0.38823529411764707 0.02494061757719715
3 0.22941176470588234 0.47327790973871736 0.21008403361344538 0.14370546318289787
3 0.7252100840336134 0.45308788598574823 0.38487394957983195 0.022565320665083134
3 0.2781512605042017 0.6152019002375297 0.30756302521008405 0.1187648456057007
3 0.726890756302521 0.6051068883610451 0.38823529411764707 0.022565320665083134
3 0.18907563025210083 0.7600950118764845 0.12941176470588237 0.1496437054631829
3 0.46302521008403363 0.7577197149643705 0.2638655462184874 0.07363420427553444