3 0.23949579831932774 0.06472684085510688 0.2235294117647059 0.017814726840855107
3 0.5336134453781513 0.08907363420427554 0.4957983193277311 0.023752969121140142
3 0.2008403361344538 0.11460807600950118 0.146218487394958 0.02494061757719715
3 0.2361344537815126 0.19239904988123516 0.22016806722689075 0.10451306413301663
3 0.7310924369747899 0.1514251781472684 0.3831932773109244 0.02494061757719715
3 0.17647058823529413 0.2642517814726841 0.10756302521008404 0.020190023752969122
3 0.22857142857142856 0.34085510688836107 0.21176470588235294 0.09738717339667459
3 0.7319327731092437 0.3010688836104513 0.3915966386554622 0.020190023752969122
3 0.2092436974789916 0.416270783847981 0.17647058823529413 0.02494061757719715
3 0.22941176470588234 0.4916864608076009 0.2134453781512605 0.1021377672209026
3 0.7277310924369748 0.4501187648456057 0.39327731092436974 0.023752969121140142
3 0.2865546218487395 0.5950118764845606 0.3277310924369748 0.08076009501187649
3 0.5647058823529412 0.6039192399049881 0.05714285714285714 0.027315914489311165
3 0.18739495798319328 0.7185273159144893 0.13277310924369748 0.14489311163895488
3 0.426890756302521 0.7060570071258907 0.1949579831932773 0.09619952494061758
3 0.16134453781512606 0.828978622327791 0.0773109243697479 0.06413301662707839
3 0.5638655462184874 0.828978622327791 0.058823529411764705 0.0688836104513064
3 0.21092436974789916 0.8913301662707839 0.16974789915966387 0.029691211401425176