3 0.6040268456375839 0.0688836104513064 0.3187919463087248 0.0498812351543943
3 0.10738255033557047 0.10629453681710213 0.08389261744966443 0.013064133016627079
3 0.19630872483221476 0.10926365795724466 0.04697986577181208 0.014251781472684086
1 0.3028523489932886 0.10926365795724466 0.12919463087248323 0.014251781472684086
3 0.2332214765100671 0.12410926365795724 0.12751677852348994 0.015439429928741092
3 0.5989932885906041 0.10866983372921615 0.05704697986577181 0.013064133016627079
3 0.6795302013422819 0.10866983372921615 0.050335570469798654 0.013064133016627079
3 0.834731543624161 0.10926365795724466 0.2063758389261745 0.014251781472684086
3 0.7718120805369127 0.12529691211401425 0.23154362416107382 0.013064133016627079
3 0.1115771812080537 0.15795724465558195 0.10234899328859061 0.0332541567695962
3 0.1098993288590604 0.19239904988123516 0.09899328859060402 0.0332541567695962
3 0.20553691275167785 0.22387173396674584 0.2902684563758389 0.029691211401425176
3 0.5939597315436241 0.22446555819477435 0.06375838926174497 0.0332541567695962
3 0.6140939597315436 0.2583135391923991 0.09731543624161074 0.029691211401425176
3 0.7827181208053692 0.18646080760095013 0.3338926174496644 0.014251781472684086
3 0.1610738255033557 0.2583135391923991 0.20134228187919462 0.029691211401425176
3 0.20721476510067113 0.29097387173396677 0.28691275167785235 0.0332541567695962
3 0.6073825503355704 0.2915676959619953 0.08053691275167785 0.0344418052256532
3 0.3934563758389262 0.3153206650831354 0.14261744966442952 0.015439429928741092
3 0.639261744966443 0.333729216152019 0.6308724832214765 0.011876484560570071
3 0.4983221476510067 0.3657957244655582 0.34563758389261745 0.011876484560570071
3 0.5369127516778524 0.3830166270783848 0.40939597315436244 0.015439429928741092
3 0.6325503355704698 0.43705463182897863 0.6174496644295302 0.06413301662707839
3 0.29194630872483224 0.5552256532066508 0.4664429530201342 0.06769596199524941
3 0.6073825503355704 0.6235154394299287 0.08389261744966443 0.030878859857482184
3 0.6006711409395973 0.6579572446555819 0.0738255033557047 0.0332541567695962
3 0.1644295302013423 0.6223277909738717 0.20469798657718122 0.030878859857482184
3 0.19966442953020133 0.6561757719714965 0.2785234899328859 0.029691211401425176
3 0.2634228187919463 0.6900237529691211 0.39932885906040266 0.030878859857482184
3 0.12751677852348994 0.7232779097387173 0.12751677852348994 0.030878859857482184
3 0.19630872483221476 0.38004750593824227 0.21140939597315436 0.03800475059382423
3 0.19714765100671142 0.4334916864608076 0.22651006711409397 0.057007125890736345
3 0.10067114093959731 0.8135391923990499 0.08389261744966443 0.028503562945368172
3 0.1174496644295302 0.8461995249406176 0.11073825503355705 0.0344418052256532
3 0.5058724832214765 0.8153206650831354 0.07885906040268456 0.0344418052256532
3 0.16023489932885907 0.8812351543942993 0.1929530201342282 0.0332541567695962
3 0.12835570469798657 0.915083135391924 0.1325503355704698 0.032066508313539195
3 0.6233221476510067 0.8117577197149644 0.11912751677852348 0.0344418052256532
3 0.9110738255033557 0.8147268408551069 0.09060402684563758 0.03800475059382423
3 0.6409395973154363 0.8473871733966746 0.15771812080536912 0.032066508313539195
3 0.662751677852349 0.8794536817102138 0.19798657718120805 0.032066508313539195
3 0.6552013422818792 0.91270783847981 0.18288590604026847 0.029691211401425176
0 0.16275167785234898 0.10926365795724466 0.020134228187919462 0.014251781472684086
0 0.1610738255033557 0.12410926365795724 0.020134228187919462 0.015439429928741092
0 0.22986577181208054 0.10866983372921615 0.020134228187919462 0.015439429928741092
0 0.6459731543624161 0.10807600950118765 0.020134228187919462 0.014251781472684086
0 0.6468120805369127 0.12410926365795724 0.02181208053691275 0.015439429928741092
0 0.7239932885906041 0.10926365795724466 0.018456375838926176 0.0166270783847981