3 0.2709731543624161 0.07185273159144893 0.39429530201342283 0.02494061757719715
3 0.412751677852349 0.09560570071258907 0.6308724832214765 0.020190023752969122
3 0.3162751677852349 0.11163895486935867 0.4446308724832215 0.014251781472684086
3 0.6098993288590604 0.11342042755344418 0.04865771812080537 0.013064133016627079
1 0.5612416107382551 0.11223277909738717 0.04194630872483222 0.017814726840855107
3 0.33976510067114096 0.12826603325415678 0.48825503355704697 0.019002375296912115
3 0.5083892617449665 0.15261282660332542 0.8288590604026845 0.027315914489311165
3 0.3859060402684564 0.17517814726840855 0.5771812080536913 0.017814726840855107
3 0.5100671140939598 0.1989311163895487 0.8288590604026845 0.029691211401425176
3 0.26174496644295303 0.23040380047505937 0.33221476510067116 0.030878859857482184
3 0.5092281879194631 0.27850356294536815 0.8238255033557047 0.060570071258907364
3 0.39429530201342283 0.32600950118764843 0.5939597315436241 0.029691211401425176
3 0.32550335570469796 0.3509501187648456 0.41946308724832215 0.017814726840855107
3 0.5947986577181208 0.3515439429928741 0.0587248322147651 0.0166270783847981
3 0.674496644295302 0.3503562945368171 0.05704697986577181 0.021377672209026127
3 0.7860738255033557 0.3521377672209026 0.11912751677852348 0.020190023752969122
3 0.8926174496644296 0.3509501187648456 0.04697986577181208 0.022565320665083134
3 0.40268456375838924 0.37173396674584325 0.5738255033557047 0.0166270783847981
3 0.7407718120805369 0.37114014251781474 0.06208053691275168 0.013064133016627079
3 0.8179530201342282 0.37351543942992876 0.04865771812080537 0.013064133016627079
3 0.8934563758389261 0.37292161520190026 0.0587248322147651 0.011876484560570071
3 0.14261744966442952 0.38776722090261284 0.050335570469798654 0.013064133016627079
3 0.21728187919463088 0.4352731591448931 0.06208053691275168 0.010688836104513063
3 0.21476510067114093 0.38776722090261284 0.06040268456375839 0.013064133016627079
0 0.5545302013422819 0.3515439429928741 0.02181208053691275 0.019002375296912115
0 0.6359060402684564 0.3515439429928741 0.02348993288590604 0.019002375296912115
0 0.7156040268456376 0.3509501187648456 0.02181208053691275 0.017814726840855107
0 0.8573825503355704 0.3515439429928741 0.02348993288590604 0.019002375296912115
0 0.7030201342281879 0.37173396674584325 0.013422818791946308 0.011876484560570071
0 0.7835570469798657 0.37351543942992876 0.016778523489932886 0.013064133016627079
0 0.8523489932885906 0.37232779097387175 0.016778523489932886 0.013064133016627079
0 0.17869127516778524 0.38657957244655583 0.015100671140939598 0.013064133016627079
3 0.3389261744966443 0.40320665083135393 0.4429530201342282 0.017814726840855107
3 0.6082214765100671 0.4014251781472684 0.05201342281879195 0.0166270783847981
3 0.6862416107382551 0.4020190023752969 0.053691275167785234 0.017814726840855107
3 0.7936241610738255 0.4008313539192399 0.11409395973154363 0.020190023752969122
3 0.9010067114093959 0.4014251781472684 0.04697986577181208 0.021377672209026127
3 0.4035234899328859 0.418646080760095 0.5721476510067114 0.010688836104513063
3 0.738255033557047 0.42102137767220904 0.06711409395973154 0.013064133016627079
3 0.8154362416107382 0.42042755344418054 0.053691275167785234 0.011876484560570071
3 0.8917785234899329 0.42102137767220904 0.06543624161073826 0.013064133016627079
3 0.14093959731543623 0.4352731591448931 0.05704697986577181 0.010688836104513063
0 0.5721476510067114 0.4026128266033254 0.02348993288590604 0.019002375296912115
0 0.6484899328859061 0.4020190023752969 0.02181208053691275 0.017814726840855107
0 0.7239932885906041 0.4020190023752969 0.02181208053691275 0.017814726840855107
0 0.8657718120805369 0.4020190023752969 0.02348993288590604 0.017814726840855107
0 0.10486577181208054 0.3515439429928741 0.018456375838926176 0.0166270783847981
0 0.10570469798657718 0.4014251781472684 0.020134228187919462 0.014251781472684086
0 0.6971476510067114 0.41983372921615203 0.01174496644295302 0.010688836104513063
0 0.7793624161073825 0.42102137767220904 0.01174496644295302 0.013064133016627079
0 0.8506711409395973 0.4192399049881235 0.013422818791946308 0.011876484560570071
3 0.22483221476510068 0.4501187648456057 0.2181208053691275 0.0166270783847981
3 0.3926174496644295 0.4483372921615202 0.05704697986577181 0.020190023752969122
3 0.473993288590604 0.4489311163895487 0.0587248322147651 0.019002375296912115
3 0.5830536912751678 0.4483372921615202 0.11577181208053691 0.020190023752969122
3 0.6887583892617449 0.4489311163895487 0.04865771812080537 0.021377672209026127
3 0.3338926174496644 0.4673396674584323 0.436241610738255 0.010688836104513063
3 0.5964765100671141 0.4661520190023753 0.06208053691275168 0.013064133016627079
3 0.6703020134228188 0.4673396674584323 0.04865771812080537 0.010688836104513063
3 0.7692953020134228 0.4679334916864608 0.11577181208053691 0.011876484560570071
3 0.87248322147651 0.4667458432304038 0.06040268456375839 0.011876484560570071
0 0.10570469798657718 0.4501187648456057 0.02348993288590604 0.0166270783847981
0 0.3548657718120805 0.4501187648456057 0.02181208053691275 0.0166270783847981
0 0.4337248322147651 0.4495249406175772 0.02181208053691275 0.017814726840855107
0 0.514261744966443 0.4495249406175772 0.02181208053691275 0.017814726840855107
0 0.6526845637583892 0.4495249406175772 0.020134228187919462 0.020190023752969122
0 0.5570469798657718 0.4673396674584323 0.010067114093959731 0.010688836104513063
0 0.6359060402684564 0.4661520190023753 0.016778523489932886 0.013064133016627079
0 0.7046979865771812 0.4691211401425178 0.013422818791946308 0.011876484560570071
0 0.834731543624161 0.4673396674584323 0.015100671140939598 0.013064133016627079
0 0.6946308724832215 0.4833729216152019 0.020134228187919462 0.0166270783847981
0 0.7709731543624161 0.4839667458432304 0.025167785234899327 0.017814726840855107
0 0.8515100671140939 0.4839667458432304 0.025167785234899327 0.017814726840855107
0 0.19211409395973153 0.5017814726840855 0.025167785234899327 0.015439429928741092
0 0.10486577181208054 0.4845605700712589 0.02181208053691275 0.019002375296912115
3 0.3951342281879195 0.4827790973871734 0.5587248322147651 0.017814726840855107
3 0.7332214765100671 0.4845605700712589 0.04697986577181208 0.019002375296912115
3 0.8104026845637584 0.4845605700712589 0.053691275167785234 0.021377672209026127
3 0.8934563758389261 0.4833729216152019 0.0587248322147651 0.019002375296912115
3 0.14681208053691275 0.5017814726840855 0.05201342281879195 0.015439429928741092
3 0.22818791946308725 0.5005938242280285 0.053691275167785234 0.017814726840855107
3 0.5008389261744967 0.5190023752969121 0.7701342281879194 0.014251781472684086
3 0.1669463087248322 0.5326603325415677 0.06208053691275168 0.010688836104513063
3 0.23909395973154363 0.5320665083135392 0.04865771812080537 0.011876484560570071
3 0.33808724832214765 0.5320665083135392 0.11241610738255034 0.011876484560570071
3 0.4429530201342282 0.5332541567695962 0.06375838926174497 0.009501187648456057
3 0.5050335570469798 0.5492874109263658 0.7718120805369127 0.015439429928741092
0 0.12751677852348994 0.5338479809976246 0.013422818791946308 0.010688836104513063
0 0.2063758389261745 0.5332541567695962 0.013422818791946308 0.009501187648456057
0 0.27348993288590606 0.5338479809976246 0.016778523489932886 0.013064133016627079
0 0.40184563758389263 0.5332541567695962 0.01174496644295302 0.009501187648456057
0 0.10486577181208054 0.5486935866983373 0.025167785234899327 0.0166270783847981
3 0.5151006711409396 0.5718527315914489 0.8087248322147651 0.027315914489311165
3 0.5109060402684564 0.6033254156769596 0.790268456375839 0.030878859857482184
3 0.42953020134228187 0.6276722090261283 0.6241610738255033 0.015439429928741092
3 0.7927852348993288 0.6294536817102138 0.05201342281879195 0.019002375296912115
3 0.8716442953020134 0.6288598574821853 0.05536912751677853 0.017814726840855107
3 0.17701342281879195 0.6472684085510689 0.11241610738255034 0.0166270783847981
3 0.28691275167785235 0.6478622327790974 0.0436241610738255 0.015439429928741092
0 0.10570469798657718 0.5961995249406176 0.02348993288590604 0.0166270783847981
0 0.10570469798657718 0.6294536817102138 0.02348993288590604 0.0166270783847981
0 0.7550335570469798 0.6300475059382423 0.02348993288590604 0.020190023752969122
0 0.8330536912751678 0.6306413301662708 0.02181208053691275 0.019002375296912115
0 0.9110738255033557 0.6306413301662708 0.02348993288590604 0.019002375296912115
0 0.2516778523489933 0.6478622327790974 0.02348993288590604 0.017814726840855107
3 0.5176174496644296 0.6656769596199525 0.8070469798657718 0.013064133016627079
3 0.18036912751677853 0.6793349168646081 0.13590604026845637 0.009501187648456057
0 0.2575503355704698 0.6793349168646081 0.01174496644295302 0.009501187648456057
3 0.2961409395973154 0.6805225653206651 0.06208053691275168 0.014251781472684086
3 0.36828859060402686 0.6799287410926366 0.04865771812080537 0.010688836104513063
3 0.46560402684563756 0.6799287410926366 0.11241610738255034 0.013064133016627079
3 0.5696308724832215 0.6793349168646081 0.0587248322147651 0.014251781472684086
0 0.33557046979865773 0.6793349168646081 0.010067114093959731 0.009501187648456057
0 0.4001677852348993 0.6799287410926366 0.01174496644295302 0.010688836104513063
0 0.5310402684563759 0.6799287410926366 0.01174496644295302 0.010688836104513063
3 0.4983221476510067 0.7036817102137767 0.802013422818792 0.029691211401425176
0 0.08557046979865772 0.6965558194774347 0.02348993288590604 0.017814726840855107
0 0.10570469798657718 0.7292161520190024 0.020134228187919462 0.0166270783847981
0 0.10486577181208054 0.7612826603325415 0.02181208053691275 0.0166270783847981
3 0.47567114093959734 0.7345605700712589 0.7164429530201343 0.032066508313539195
3 0.3775167785234899 0.7606888361045131 0.5201342281879194 0.015439429928741092
3 0.7315436241610739 0.7606888361045131 0.09731543624161074 0.015439429928741092
1 0.6610738255033557 0.7600950118764845 0.040268456375838924 0.019002375296912115
1 0.5201342281879194 0.7785035629453682 0.8087248322147651 0.013064133016627079
1 0.3808724832214765 0.7939429928741093 0.026845637583892617 0.013064133016627079
3 0.4228187919463087 0.7927553444180523 0.050335570469798654 0.013064133016627079
3 0.23993288590604026 0.7927553444180523 0.2516778523489933 0.010688836104513063
3 0.1761744966442953 0.8087885985748219 0.1174496644295302 0.0166270783847981
3 0.3187919463087248 0.8087885985748219 0.0738255033557047 0.014251781472684086
1 0.25922818791946306 0.8087885985748219 0.04194630872483222 0.0166270783847981
3 0.3783557046979866 0.8260095011876485 0.5251677852348994 0.013064133016627079
1 0.6661073825503355 0.8283847980997625 0.0436241610738255 0.013064133016627079
3 0.7164429530201343 0.8266033254156769 0.053691275167785234 0.011876484560570071
3 0.36828859060402686 0.8491686460807601 0.5419463087248322 0.030878859857482184
3 0.514261744966443 0.8901425178147269 0.837248322147651 0.04631828978622328
0 0.1040268456375839 0.8093824228028503 0.02348993288590604 0.017814726840855107
0 0.08473154362416108 0.8432304038004751 0.031879194630872486 0.019002375296912115
0 0.08221476510067115 0.8764845605700713 0.026845637583892617 0.019002375296912115