3 0.5830536912751678 0.06828978622327792 0.24664429530201343 0.05344418052256532
3 0.10654362416107382 0.11579572446555819 0.08221476510067115 0.015439429928741092
3 0.19714765100671142 0.11460807600950118 0.04865771812080537 0.015439429928741092
3 0.3011744966442953 0.11401425178147269 0.12919463087248323 0.019002375296912115
3 0.23657718120805368 0.13182897862232779 0.13087248322147652 0.014251781472684086
3 0.5998322147651006 0.10866983372921615 0.06208053691275168 0.015439429928741092
3 0.6837248322147651 0.10926365795724466 0.05536912751677853 0.014251781472684086
3 0.834731543624161 0.10570071258907364 0.2063758389261745 0.014251781472684086
3 0.7734899328859061 0.12292161520190023 0.23154362416107382 0.015439429928741092
3 0.11325503355704698 0.15914489311163896 0.10570469798657718 0.030878859857482184
3 0.11325503355704698 0.19061757719714964 0.10570469798657718 0.029691211401425176
3 0.20385906040268456 0.22387173396674584 0.2902684563758389 0.032066508313539195
3 0.18708053691275167 0.25712589073634207 0.2634228187919463 0.029691211401425176
3 0.11073825503355705 0.28859857482185275 0.10738255033557047 0.030878859857482184
3 0.5931208053691275 0.22387173396674584 0.06543624161073826 0.032066508313539195
3 0.6409395973154363 0.2583135391923991 0.15771812080536912 0.032066508313539195
3 0.6082214765100671 0.28859857482185275 0.09228187919463088 0.030878859857482184
3 0.549496644295302 0.3147268408551069 0.40436241610738255 0.0166270783847981
3 0.5545302013422819 0.34263657957244653 0.41442953020134227 0.0344418052256532
3 0.40436241610738255 0.3830166270783848 0.12416107382550336 0.022565320665083134
3 0.4312080536912752 0.43646080760095013 0.16778523489932887 0.010688836104513063
3 0.19463087248322147 0.3836104513064133 0.2181208053691275 0.04275534441805225
3 0.1912751677852349 0.4418052256532066 0.22818791946308725 0.05938242280285035
3 0.49077181208053694 0.5154394299287411 0.8573825503355704 0.030878859857482184
3 0.2407718120805369 0.5480997624703088 0.36073825503355705 0.032066508313539195
3 0.16191275167785235 0.5991686460807601 0.20302013422818793 0.0344418052256532
3 0.20134228187919462 0.6312351543942993 0.2751677852348993 0.029691211401425176
3 0.5939597315436241 0.6175771971496437 0.07718120805369127 0.0332541567695962
3 0.6057046979865772 0.6520190023752969 0.09731543624161074 0.0332541567695962
3 0.2634228187919463 0.665083135391924 0.40604026845637586 0.030878859857482184
3 0.125 0.6989311163895487 0.12248322147651007 0.032066508313539195
3 0.27684563758389263 0.7553444180522565 0.4395973154362416 0.0332541567695962
3 0.9119127516778524 0.752375296912114 0.08221476510067115 0.0344418052256532
3 0.10151006711409397 0.7897862232779097 0.07885906040268456 0.030878859857482184
3 0.125 0.8224465558194775 0.12919463087248323 0.032066508313539195
3 0.12080536912751678 0.8551068883610451 0.12080536912751678 0.030878859857482184
3 0.16023489932885907 0.8901425178147269 0.19630872483221476 0.029691211401425176
3 0.1266778523489933 0.9245843230403801 0.13926174496644295 0.039192399049881234
3 0.6409395973154363 0.8562945368171021 0.1610738255033557 0.030878859857482184
3 0.6619127516778524 0.8895486935866983 0.20302013422818793 0.030878859857482184
3 0.6568791946308725 0.9216152019002375 0.18959731543624161 0.0332541567695962
3 0.910234899328859 0.7874109263657957 0.08557046979865772 0.0332541567695962
3 0.9110738255033557 0.8230403800475059 0.087248322147651 0.030878859857482184
0 0.16359060402684564 0.1163895486935867 0.018456375838926176 0.014251781472684086
0 0.16191275167785235 0.13182897862232779 0.02181208053691275 0.014251781472684086
0 0.22818791946308725 0.11460807600950118 0.020134228187919462 0.015439429928741092
0 0.6459731543624161 0.10866983372921615 0.020134228187919462 0.015439429928741092
0 0.7239932885906041 0.10807600950118765 0.018456375838926176 0.0166270783847981
0 0.6442953020134228 0.12410926365795724 0.020134228187919462 0.015439429928741092