3 0.5260067114093959 0.0688836104513064 0.23657718120805368 0.0332541567695962
3 0.2273489932885906 0.14726840855106887 0.21644295302013422 0.12826603325415678
3 0.49161073825503354 0.1989311163895487 0.1476510067114094 0.029691211401425176
3 0.7139261744966443 0.13064133016627077 0.39093959731543626 0.028503562945368172
3 0.2256711409395973 0.2850356294536817 0.21644295302013422 0.12826603325415678
3 0.49328859060402686 0.33669833729216153 0.13087248322147652 0.02494061757719715
3 0.714765100671141 0.27078384798099764 0.3926174496644295 0.028503562945368172
3 0.23154362416107382 0.40973871733966744 0.2080536912751678 0.0997624703087886
3 0.7172818791946308 0.40973871733966744 0.38422818791946306 0.026128266033254157
3 0.21728187919463088 0.49406175771971494 0.1929530201342282 0.057007125890736345
3 0.6828859060402684 0.5095011876484561 0.3288590604026846 0.052256532066508314
3 0.3145973154362416 0.582541567695962 0.39429530201342283 0.09382422802850356
3 0.17197986577181207 0.6716152019002375 0.09563758389261745 0.06532066508313539
3 0.5536912751677853 0.6716152019002375 0.05704697986577181 0.07007125890736342
3 0.21644295302013422 0.7357482185273159 0.17785234899328858 0.0344418052256532
3 0.4848993288590604 0.7381235154394299 0.1174496644295302 0.029691211401425176