3 0.5276845637583892 0.08610451306413301 0.2802013422818792 0.029691211401425176
3 0.2348993288590604 0.06472684085510688 0.21476510067114093 0.022565320665083134
3 0.22986577181208054 0.16033254156769597 0.21476510067114093 0.13064133016627077
3 0.4899328859060403 0.2173396674584323 0.13087248322147652 0.026128266033254157
3 0.7181208053691275 0.14845605700712589 0.3926174496644295 0.026128266033254157
3 0.23573825503355705 0.3016627078384798 0.2332214765100671 0.12826603325415678
3 0.7181208053691275 0.28681710213776723 0.3859060402684564 0.02494061757719715
3 0.4890939597315436 0.3527315914489311 0.1325503355704698 0.028503562945368172
3 0.23573825503355705 0.4328978622327791 0.2231543624161074 0.11757719714964371
3 0.7156040268456376 0.42636579572446553 0.3775167785234899 0.028503562945368172
3 0.23909395973154363 0.5475059382422803 0.22986577181208054 0.09263657957244656
3 0.714765100671141 0.5469121140142518 0.3825503355704698 0.02494061757719715
3 0.20553691275167785 0.6353919239904988 0.1593959731543624 0.05938242280285035
3 0.19630872483221476 0.7630641330166271 0.1342281879194631 0.032066508313539195
3 0.5855704697986577 0.7606888361045131 0.12751677852348994 0.027315914489311165
3 0.7181208053691275 0.8687648456057007 0.38926174496644295 0.027315914489311165
3 0.18540268456375839 0.9067695961995249 0.12583892617449666 0.022565320665083134