3 0.4924496644295302 0.08076009501187649 0.34731543624161076 0.040380047505938245
3 0.17197986577181207 0.16270783847980996 0.11912751677852348 0.023752969121140142
3 0.7793624161073825 0.1668646080760095 0.20302013422818793 0.0344418052256532
3 0.4899328859060403 0.22921615201900236 0.7785234899328859 0.0498812351543943
3 0.33557046979865773 0.2678147268408551 0.31208053691275167 0.02494061757719715
3 0.3389261744966443 0.2975059382422803 0.3053691275167785 0.022565320665083134
3 0.3649328859060403 0.3254156769596199 0.35067114093959734 0.021377672209026127
3 0.5067114093959731 0.3669833729216152 0.7818791946308725 0.0498812351543943
3 0.1837248322147651 0.4501187648456057 0.13926174496644295 0.10451306413301663
3 0.19966442953020133 0.5302850356294537 0.18120805369127516 0.02494061757719715
3 0.6921140939597316 0.5314726840855107 0.15604026845637584 0.02494061757719715
3 0.2332214765100671 0.5570071258907363 0.2483221476510067 0.021377672209026127
3 0.17197986577181207 0.581353919239905 0.12248322147651007 0.020190023752969122
3 0.17785234899328858 0.6074821852731591 0.12751677852348994 0.022565320665083134
3 0.20553691275167785 0.6502375296912114 0.17953020134228187 0.017814726840855107
3 0.6954697986577181 0.6484560570071259 0.16610738255033558 0.023752969121140142
3 0.23238255033557048 0.6757719714964371 0.23993288590604026 0.021377672209026127
3 0.17365771812080538 0.7013064133016627 0.11912751677852348 0.022565320665083134
3 0.1761744966442953 0.7268408551068883 0.1174496644295302 0.023752969121140142
3 0.14848993288590603 0.7690023752969121 0.08221476510067115 0.020190023752969122
3 0.6954697986577181 0.7690023752969121 0.15604026845637584 0.0344418052256532
3 0.6937919463087249 0.8093824228028503 0.1593959731543624 0.029691211401425176
3 0.15100671140939598 0.8117577197149644 0.0738255033557047 0.02494061757719715
3 0.4949664429530201 0.8699524940617577 0.5536912751677853 0.027315914489311165
3 0.22063758389261745 0.9032066508313539 0.21644295302013422 0.029691211401425176
3 0.6157718120805369 0.9032066508313539 0.5201342281879194 0.027315914489311165
1 0.46895973154362414 0.14192399049881235 0.4211409395973154 0.02494061757719715
1 0.4697986577181208 0.17992874109263657 0.4161073825503356 0.0344418052256532
1 0.6191275167785235 0.27019002375296913 0.2483221476510067 0.02494061757719715
1 0.6149328859060402 0.2986935866983373 0.2332214765100671 0.020190023752969122
1 0.6526845637583892 0.32244655581947745 0.21476510067114093 0.027315914489311165
0 0.1644295302013423 0.2695961995249406 0.030201342281879196 0.026128266033254157
0 0.1669463087248322 0.2980997624703088 0.031879194630872486 0.021377672209026127
0 0.16778523489932887 0.32422802850356297 0.03691275167785235 0.026128266033254157
0 0.3414429530201342 0.9032066508313539 0.02181208053691275 0.027315914489311165