3 0.6098993288590604 0.06828978622327792 0.2634228187919463 0.05344418052256532
3 0.10738255033557047 0.10748218527315914 0.08389261744966443 0.015439429928741092
3 0.21224832214765102 0.22209026128266032 0.30033557046979864 0.171021377672209
3 0.6350671140939598 0.25475059382422804 0.18959731543624161 0.10570071258907364
3 0.5595637583892618 0.3521377672209026 0.4446308724832215 0.060570071258907364
3 0.5595637583892618 0.42933491686460806 0.43791946308724833 0.07482185273159145
3 0.25083892617449666 0.5314726840855107 0.3976510067114094 0.07244655581947744
3 0.26593959731543626 0.6484560570071259 0.4110738255033557 0.13539192399049882
3 0.6040268456375839 0.6365795724465558 0.11073825503355705 0.07838479809976247
3 0.2785234899328859 0.8461995249406176 0.45302013422818793 0.21971496437054633
3 0.910234899328859 0.7885985748218527 0.10570469798657718 0.11163895486935867
3 0.6703020134228188 0.8948931116389549 0.22986577181208054 0.11282660332541568
3 0.19630872483221476 0.10985748218527316 0.053691275167785234 0.015439429928741092
3 0.30453020134228187 0.11045130641330166 0.1325503355704698 0.014251781472684086
3 0.23993288590604026 0.12648456057007126 0.1342281879194631 0.015439429928741092
0 0.16359060402684564 0.10926365795724466 0.02181208053691275 0.014251781472684086
3 0.6015100671140939 0.11104513064133016 0.06543624161073826 0.015439429928741092
0 0.16191275167785235 0.12589073634204276 0.018456375838926176 0.0166270783847981
0 0.23154362416107382 0.10807600950118765 0.016778523489932886 0.019002375296912115
3 0.6845637583892618 0.10985748218527316 0.05704697986577181 0.013064133016627079
3 0.7751677852348994 0.12707838479809977 0.23825503355704697 0.0166270783847981
3 0.8380872483221476 0.10985748218527316 0.20973154362416108 0.017814726840855107
0 0.6493288590604027 0.11045130641330166 0.020134228187919462 0.0166270783847981
0 0.6451342281879194 0.12529691211401425 0.02181208053691275 0.017814726840855107
0 0.7248322147651006 0.10866983372921615 0.020134228187919462 0.015439429928741092