3 0.19798657718120805 0.08432304038004751 0.1476510067114094 0.023752969121140142
3 0.3808724832214765 0.11757719714964371 0.4463087248322148 0.023752969121140142
3 0.2214765100671141 0.14845605700712589 0.05704697986577181 0.021377672209026127
3 0.4941275167785235 0.14786223277909738 0.4312080536912752 0.017814726840855107
3 0.8573825503355704 0.14845605700712589 0.0436241610738255 0.021377672209026127
3 0.23154362416107382 0.171021377672209 0.13758389261744966 0.0166270783847981
3 0.49328859060402686 0.20249406175771972 0.674496644295302 0.020190023752969122
3 0.49916107382550334 0.2345605700712589 0.6795302013422819 0.015439429928741092
3 0.2348993288590604 0.2589073634204275 0.22818791946308725 0.021377672209026127
3 0.5151006711409396 0.31057007125890734 0.7315436241610739 0.06769596199524941
3 0.3615771812080537 0.3853919239904988 0.4949664429530201 0.017814726840855107
3 0.5050335570469798 0.4168646080760095 0.7214765100671141 0.019002375296912115
3 0.3196308724832215 0.43646080760095013 0.22651006711409397 0.017814726840855107
3 0.42953020134228187 0.45961995249406173 0.5704697986577181 0.0166270783847981
3 0.5159395973154363 0.580166270783848 0.3338926174496644 0.02494061757719715
3 0.27432885906040266 0.6223277909738717 0.23993288590604026 0.023752969121140142
3 0.3238255033557047 0.6739904988123515 0.35570469798657717 0.022565320665083134
3 0.7567114093959731 0.6733966745843231 0.2550335570469799 0.026128266033254157
3 0.6828859060402684 0.7333729216152018 0.28187919463087246 0.022565320665083134
3 0.28942953020134227 0.7315914489311164 0.2802013422818792 0.026128266033254157
3 0.18120805369127516 0.7915676959619953 0.06040268456375839 0.020190023752969122
3 0.575503355704698 0.7921615201900237 0.06375838926174497 0.023752969121140142
1 0.17365771812080538 0.1502375296912114 0.028523489932885907 0.020190023752969122
1 0.2625838926174497 0.14845605700712589 0.018456375838926176 0.021377672209026127
1 0.7743288590604027 0.1514251781472684 0.11912751677852348 0.020190023752969122
1 0.5922818791946308 0.6716152019002375 0.0738255033557047 0.0344418052256532
1 0.17785234899328858 0.43942992874109266 0.053691275167785234 0.019002375296912115