3 0.5536912751677853 0.2684085510688836 0.15436241610738255 0.019002375296912115
3 0.552013422818792 0.29394299287410924 0.13087248322147652 0.015439429928741092
3 0.5553691275167785 0.32660332541567694 0.8187919463087249 0.028503562945368172
3 0.5444630872483222 0.35748218527315917 0.3540268456375839 0.019002375296912115
3 0.5453020134228188 0.39014251781472686 0.5704697986577181 0.015439429928741092
1 0.5486577181208053 0.4346793349168646 0.22818791946308725 0.0665083135391924
2 0.5570469798657718 0.5671021377672208 0.8322147651006712 0.17695961995249407
2 0.5562080536912751 0.7268408551068883 0.8338926174496645 0.12351543942992874
3 0.5285234899328859 0.7992874109263658 0.785234899328859 0.0166270783847981
3 0.5444630872483222 0.8646080760095012 0.8338926174496645 0.09263657957244656
2 0.8548657718120806 0.25356294536817103 0.23657718120805368 0.048693586698337295