2 0.5326797385620915 0.06186868686868687 0.8398692810457516 0.04292929292929293
2 0.5334967320261438 0.19886363636363635 0.8316993464052288 0.17045454545454544
2 0.5269607843137255 0.42108585858585856 0.8088235294117647 0.07954545454545454
2 0.5261437908496732 0.5195707070707071 0.8071895424836601 0.059343434343434344
2 0.5212418300653595 0.7007575757575758 0.8006535947712419 0.09848484848484848
3 0.22549019607843138 0.10416666666666667 0.21568627450980393 0.016414141414141416
3 0.4019607843137255 0.37247474747474746 0.565359477124183 0.017676767676767676
3 0.36764705882352944 0.48295454545454547 0.49019607843137253 0.016414141414141416
3 0.5302287581699346 0.5782828282828283 0.8218954248366013 0.05303030303030303
3 0.5334967320261438 0.6325757575757576 0.8218954248366013 0.03282828282828283
1 0.39215686274509803 0.8320707070707071 0.5392156862745098 0.045454545454545456
3 0.6233660130718954 0.9551767676767676 0.6388888888888888 0.06944444444444445
3 0.5326797385620915 0.3061868686868687 0.8137254901960784 0.01893939393939394
3 0.22794117647058823 0.32512626262626265 0.21405228758169934 0.013888888888888888
1 0.45098039215686275 0.3371212121212121 0.2222222222222222 0.03282828282828283
1 0.4730392156862745 0.7922979797979798 0.19117647058823528 0.01893939393939394
3 0.25326797385620914 0.7916666666666666 0.24509803921568626 0.022727272727272728