3 0.49836601307189543 0.09911616161616162 0.7777777777777778 0.07702020202020202
3 0.20915032679738563 0.14835858585858586 0.1895424836601307 0.01893939393939394
3 0.49836601307189543 0.18118686868686867 0.7712418300653595 0.03409090909090909
3 0.5310457516339869 0.2481060606060606 0.7222222222222222 0.08712121212121213
3 0.5310457516339869 0.3345959595959596 0.7189542483660131 0.027777777777777776
3 0.2883986928104575 0.41035353535353536 0.23039215686274508 0.022727272727272728
3 0.5326797385620915 0.4722222222222222 0.7222222222222222 0.03535353535353535
3 0.5326797385620915 0.5151515151515151 0.7254901960784313 0.03535353535353535
3 0.17483660130718953 0.547979797979798 0.12418300653594772 0.020202020202020204
3 0.369281045751634 0.571969696969697 0.4542483660130719 0.022727272727272728
3 0.3431372549019608 0.6180555555555556 0.46078431372549017 0.023989898989898988
2 0.49264705882352944 0.7676767676767676 0.7598039215686274 0.26515151515151514