3 0.3472222222222222 0.05555555555555555 0.49836601307189543 0.022727272727272728
3 0.28431372549019607 0.09532828282828283 0.33986928104575165 0.021464646464646464
3 0.3611111111111111 0.12121212121212122 0.49019607843137253 0.017676767676767676
3 0.4722222222222222 0.14457070707070707 0.7091503267973857 0.01893939393939394
1 0.7892156862745098 0.09785353535353536 0.22875816993464052 0.023989898989898988
3 0.5179738562091504 0.16666666666666666 0.7483660130718954 0.015151515151515152
3 0.4411764705882353 0.20517676767676768 0.673202614379085 0.021464646464646464
3 0.2696078431372549 0.42424242424242425 0.3235294117647059 0.025252525252525252
2 0.26633986928104575 0.31691919191919193 0.1503267973856209 0.17424242424242425
2 0.4550653594771242 0.31691919191919193 0.15196078431372548 0.17424242424242425
2 0.6560457516339869 0.317550505050505 0.1650326797385621 0.17803030303030304
2 0.8602941176470589 0.3181818181818182 0.15522875816993464 0.17676767676767677
3 0.380718954248366 0.4779040404040404 0.37254901960784315 0.01893939393939394
3 0.36519607843137253 0.5132575757575758 0.3349673202614379 0.023989898989898988
3 0.25163398692810457 0.5441919191919192 0.11437908496732026 0.020202020202020204
3 0.5032679738562091 0.5422979797979798 0.11764705882352941 0.023989898989898988
3 0.7565359477124183 0.5448232323232324 0.12745098039215685 0.021464646464646464
3 0.3276143790849673 0.5763888888888888 0.2696078431372549 0.021464646464646464
3 0.2687908496732026 0.6085858585858586 0.1388888888888889 0.015151515151515152
3 0.5212418300653595 0.6085858585858586 0.1503267973856209 0.017676767676767676
3 0.7736928104575164 0.6098484848484849 0.1650326797385621 0.020202020202020204
3 0.42810457516339867 0.6357323232323232 0.4673202614379085 0.03156565656565657
1 0.3741830065359477 0.5448232323232324 0.09803921568627451 0.021464646464646464
1 0.6258169934640523 0.5467171717171717 0.08823529411764706 0.022727272727272728
1 0.8145424836601307 0.48484848484848486 0.19444444444444445 0.020202020202020204
1 0.8758169934640523 0.547979797979798 0.06862745098039216 0.020202020202020204
1 0.38480392156862747 0.6111111111111112 0.07352941176470588 0.017676767676767676
1 0.6413398692810458 0.6111111111111112 0.05718954248366013 0.020202020202020204
1 0.8897058823529411 0.615530303030303 0.04411764705882353 0.01893939393939394
1 0.8080065359477124 0.6496212121212122 0.20751633986928106 0.023989898989898988
3 0.4959150326797386 0.726010101010101 0.7761437908496732 0.022727272727272728
2 0.5473856209150327 0.827020202020202 0.8464052287581699 0.14898989898989898