3 0.5 0.16224747474747475 0.8235294117647058 0.1351010101010101
2 0.4959150326797386 0.4065656565656566 0.7434640522875817 0.2727272727272727
3 0.27450980392156865 0.5675505050505051 0.39869281045751637 0.023989898989898988
3 0.19607843137254902 0.6054292929292929 0.12091503267973856 0.016414141414141416
3 0.22140522875816993 0.6332070707070707 0.1715686274509804 0.01893939393939394
3 0.2246732026143791 0.6597222222222222 0.1781045751633987 0.01893939393939394
3 0.20098039215686275 0.6843434343434344 0.13071895424836602 0.017676767676767676
1 0.39705882352941174 0.6060606060606061 0.2777777777777778 0.022727272727272728
1 0.4477124183006536 0.634469696969697 0.2875816993464052 0.026515151515151516
1 0.4526143790849673 0.6584595959595959 0.2875816993464052 0.026515151515151516
1 0.40604575163398693 0.6856060606060606 0.28594771241830064 0.027777777777777776