3 0.37254901960784315 0.054924242424242424 0.5294117647058824 0.023989898989898988
3 0.35130718954248363 0.09595959595959595 0.43790849673202614 0.025252525252525252
3 0.3562091503267974 0.12815656565656566 0.4444444444444444 0.026515151515151516
3 0.35294117647058826 0.16287878787878787 0.434640522875817 0.020202020202020204
3 0.3602941176470588 0.19507575757575757 0.4493464052287582 0.023989898989898988
3 0.2622549019607843 0.25757575757575757 0.31862745098039214 0.027777777777777776
3 0.23447712418300654 0.29924242424242425 0.20098039215686275 0.022727272727272728
3 0.26633986928104575 0.3345959595959596 0.2581699346405229 0.025252525252525252
3 0.24428104575163398 0.3667929292929293 0.21405228758169934 0.021464646464646464
3 0.24509803921568626 0.40025252525252525 0.21895424836601307 0.022727272727272728
1 0.6356209150326797 0.34154040404040403 0.45751633986928103 0.023989898989898988
1 0.7581699346405228 0.10921717171717171 0.24836601307189543 0.026515151515151516
1 0.7589869281045751 0.14204545454545456 0.24673202614379086 0.023989898989898988
1 0.7573529411764706 0.17676767676767677 0.24673202614379086 0.022727272727272728
1 0.6356209150326797 0.3087121212121212 0.45751633986928103 0.026515151515151516
1 0.6380718954248366 0.3768939393939394 0.46895424836601307 0.023989898989898988
1 0.6323529411764706 0.4109848484848485 0.45751633986928103 0.023989898989898988
3 0.4166666666666667 0.46085858585858586 0.6241830065359477 0.025252525252525252
1 0.24673202614379086 0.49747474747474746 0.22875816993464052 0.022727272727272728
1 0.2508169934640523 0.5334595959595959 0.23366013071895425 0.026515151515151516
1 0.2647058823529412 0.5675505050505051 0.2647058823529412 0.026515151515151516
1 0.2687908496732026 0.5997474747474747 0.2696078431372549 0.022727272727272728
3 0.4934640522875817 0.6571969696969697 0.7745098039215687 0.041666666666666664
3 0.2434640522875817 0.7133838383838383 0.2222222222222222 0.022727272727272728
3 0.24754901960784315 0.7449494949494949 0.22712418300653595 0.025252525252525252
3 0.2647058823529412 0.7803030303030303 0.2549019607843137 0.025252525252525252
3 0.27124183006535946 0.8125 0.27124183006535946 0.026515151515151516
1 0.6691176470588235 0.7253787878787878 0.37745098039215685 0.021464646464646464
1 0.6683006535947712 0.7575757575757576 0.37254901960784315 0.017676767676767676
1 0.6691176470588235 0.7948232323232324 0.3741830065359477 0.026515151515151516