1 0.8504901960784313 0.034722222222222224 0.1388888888888889 0.02904040404040404
1 0.8496732026143791 0.0845959595959596 0.13725490196078433 0.022727272727272728
1 0.7393790849673203 0.1534090909090909 0.33169934640522875 0.023989898989898988
1 0.738562091503268 0.1856060606060606 0.3300653594771242 0.025252525252525252
1 0.7401960784313726 0.22095959595959597 0.3300653594771242 0.025252525252525252
1 0.7401960784313726 0.255050505050505 0.3300653594771242 0.025252525252525252
1 0.738562091503268 0.2859848484848485 0.3300653594771242 0.021464646464646464
1 0.738562091503268 0.3226010101010101 0.3333333333333333 0.016414141414141416
1 0.7377450980392157 0.35542929292929293 0.33169934640522875 0.01893939393939394
1 0.7369281045751634 0.3851010101010101 0.3300653594771242 0.020202020202020204
1 0.7393790849673203 0.4217171717171717 0.33169934640522875 0.017676767676767676
1 0.7377450980392157 0.4513888888888889 0.33169934640522875 0.026515151515151516
3 0.2549019607843137 0.14393939393939395 0.24183006535947713 0.027777777777777776
3 0.24836601307189543 0.09785353535353536 0.2777777777777778 0.021464646464646464
3 0.3161764705882353 0.17487373737373738 0.36437908496732024 0.023989898989898988
3 0.24591503267973855 0.20959595959595959 0.21405228758169934 0.025252525252525252
3 0.21405228758169934 0.24305555555555555 0.15359477124183007 0.021464646464646464
3 0.29330065359477125 0.2758838383838384 0.31209150326797386 0.023989898989898988
3 0.24019607843137256 0.30808080808080807 0.20915032679738563 0.020202020202020204
3 0.24183006535947713 0.3434343434343434 0.20915032679738563 0.022727272727272728
3 0.33905228758169936 0.375 0.4068627450980392 0.020202020202020204
3 0.2581699346405229 0.41035353535353536 0.24509803921568626 0.020202020202020204
3 0.2589869281045752 0.4444444444444444 0.25326797385620914 0.022727272727272728
3 0.30310457516339867 0.47474747474747475 0.3349673202614379 0.022727272727272728
3 0.2818627450980392 0.5637626262626263 0.2957516339869281 0.021464646464646464
3 0.1830065359477124 0.5195707070707071 0.1503267973856209 0.023989898989898988
3 0.3055555555555556 0.5946969696969697 0.3366013071895425 0.022727272727272728
3 0.3006535947712418 0.6300505050505051 0.3300653594771242 0.025252525252525252
3 0.3006535947712418 0.6609848484848485 0.3333333333333333 0.026515151515151516
1 0.5547385620915033 0.5694444444444444 0.10294117647058823 0.027777777777777776
1 0.5547385620915033 0.6066919191919192 0.10294117647058823 0.021464646464646464
1 0.5555555555555556 0.6407828282828283 0.10130718954248366 0.021464646464646464