3 0.434640522875817 0.05366161616161616 0.6601307189542484 0.023989898989898988
3 0.28921568627450983 0.16666666666666666 0.20588235294117646 0.17676767676767677
3 0.684640522875817 0.17045454545454544 0.10784313725490197 0.16666666666666666
3 0.3366013071895425 0.28535353535353536 0.46405228758169936 0.022727272727272728
3 0.2761437908496732 0.32765151515151514 0.17320261437908496 0.021464646464646464
3 0.255718954248366 0.35858585858585856 0.1323529411764706 0.022727272727272728
3 0.559640522875817 0.3301767676767677 0.16176470588235295 0.021464646464646464
3 0.5571895424836601 0.35795454545454547 0.15359477124183007 0.023989898989898988
3 0.2369281045751634 0.3926767676767677 0.2647058823529412 0.022727272727272728
3 0.4362745098039216 0.43876262626262624 0.6013071895424836 0.03409090909090909
3 0.3831699346405229 0.47474747474747475 0.4950980392156863 0.020202020202020204
3 0.4550653594771242 0.509469696969697 0.6421568627450981 0.036616161616161616
3 0.44199346405228757 0.547979797979798 0.6127450980392157 0.03282828282828283
1 0.8259803921568627 0.44696969696969696 0.09313725490196079 0.027777777777777776
1 0.8251633986928104 0.48926767676767674 0.09803921568627451 0.026515151515151516
1 0.826797385620915 0.5258838383838383 0.09477124183006536 0.023989898989898988
3 0.434640522875817 0.6142676767676768 0.6013071895424836 0.021464646464646464
3 0.20751633986928106 0.6565656565656566 0.1437908496732026 0.022727272727272728
3 0.33578431372549017 0.6590909090909091 0.03431372549019608 0.020202020202020204
1 0.4166666666666667 0.6628787878787878 0.11437908496732026 0.03535353535353535
3 0.6160130718954249 0.6546717171717171 0.16666666666666666 0.026515151515151516
3 0.7638888888888888 0.6565656565656566 0.03431372549019608 0.015151515151515152
1 0.8504901960784313 0.6647727272727273 0.119281045751634 0.036616161616161616
3 0.4534313725490196 0.6988636363636364 0.6323529411764706 0.01893939393939394
3 0.18872549019607843 0.7493686868686869 0.10620915032679738 0.021464646464646464
3 0.19526143790849673 0.7878787878787878 0.1323529411764706 0.022727272727272728
3 0.1772875816993464 0.8276515151515151 0.08986928104575163 0.026515151515151516
3 0.5923202614379085 0.7474747474747475 0.10620915032679738 0.027777777777777776
3 0.6094771241830066 0.7897727272727273 0.14052287581699346 0.023989898989898988
1 0.4035947712418301 0.7613636363636364 0.2647058823529412 0.027777777777777776
1 0.4068627450980392 0.8017676767676768 0.2679738562091503 0.022727272727272728
1 0.4068627450980392 0.8402777777777778 0.2679738562091503 0.021464646464646464
1 0.8063725490196079 0.759469696969697 0.22058823529411764 0.026515151515151516
1 0.8088235294117647 0.8036616161616161 0.22549019607843138 0.023989898989898988
1 0.8080065359477124 0.8421717171717171 0.2238562091503268 0.025252525252525252
0 0.477124183006536 0.16982323232323232 0.06862745098039216 0.18813131313131312