3 0.5130718954248366 0.061507936507936505 0.5261437908496732 0.031746031746031744
3 0.5130718954248366 0.09176587301587301 0.2581699346405229 0.016865079365079364
3 0.5008169934640523 0.10863095238095238 0.8349673202614379 0.016865079365079364
3 0.4068627450980392 0.15327380952380953 0.6503267973856209 0.044642857142857144
3 0.4950980392156863 0.21180555555555555 0.8235294117647058 0.04265873015873016
2 0.5130718954248366 0.3169642857142857 0.6013071895424836 0.16170634920634921
3 0.5196078431372549 0.4955357142857143 0.7843137254901961 0.1636904761904762
3 0.48937908496732024 0.6101190476190477 0.815359477124183 0.04365079365079365
3 0.32598039215686275 0.6800595238095238 0.33169934640522875 0.09226190476190477
3 0.6691176470588235 0.7093253968253969 0.29901960784313725 0.1488095238095238
3 0.670751633986928 0.8834325396825397 0.3022875816993464 0.0763888888888889
3 0.5334967320261438 0.9613095238095238 0.8284313725490197 0.04563492063492063