1 0.5604026845637584 0.09026128266033254 0.32550335570469796 0.021377672209026127
1 0.30788590604026844 0.3503562945368171 0.18959731543624161 0.023752969121140142
1 0.5545302013422819 0.40558194774346795 0.313758389261745 0.022565320665083134
3 0.3011744966442953 0.06591448931116389 0.3271812080536913 0.020190023752969122
3 0.2609060402684564 0.08729216152019002 0.27684563758389263 0.015439429928741092
3 0.5419463087248322 0.15558194774346792 0.8154362416107382 0.04275534441805225
3 0.9001677852348994 0.21377672209026127 0.09563758389261745 0.021377672209026127
3 0.511744966442953 0.22802850356294538 0.761744966442953 0.014251781472684086
2 0.5134228187919463 0.2749406175771972 0.7751677852348994 0.07482185273159145
3 0.1669463087248322 0.3497624703087886 0.08892617449664429 0.020190023752969122
3 0.29949664429530204 0.3824228028503563 0.3238255033557047 0.0166270783847981
3 0.26426174496644295 0.40320665083135393 0.2600671140939597 0.017814726840855107