3 0.7793624161073825 0.08432304038004751 0.337248322147651 0.05938242280285035
3 0.5427852348993288 0.15617577197149643 0.3640939597315436 0.060570071258907364
3 0.20134228187919462 0.24049881235154394 0.12751677852348994 0.02494061757719715
3 0.20218120805369127 0.20546318289786222 0.12919463087248323 0.021377672209026127
3 0.22399328859060402 0.27197149643705465 0.17281879194630873 0.0166270783847981
3 0.17114093959731544 0.29038004750593827 0.08389261744966443 0.020190023752969122
3 0.16778523489932887 0.32363420427553447 0.06711409395973154 0.017814726840855107
1 0.5998322147651006 0.20783847980997625 0.6526845637583892 0.023752969121140142
1 0.6023489932885906 0.24109263657957244 0.6610738255033557 0.026128266033254157
1 0.5771812080536913 0.29275534441805223 0.714765100671141 0.022565320665083134
1 0.572986577181208 0.32422802850356297 0.7197986577181208 0.021377672209026127
3 0.4463087248322148 0.3580760095011877 0.6342281879194631 0.029691211401425176
3 0.5151006711409396 0.5077197149643705 0.7550335570469798 0.029691211401425176
3 0.5419463087248322 0.7209026128266033 0.8087248322147651 0.09263657957244656
1 0.7986577181208053 0.7826603325415677 0.09395973154362416 0.028503562945368172
1 0.3313758389261745 0.8557007125890737 0.24664429530201343 0.027315914489311165
1 0.25419463087248323 0.8859857482185273 0.10234899328859061 0.023752969121140142
3 0.4471476510067114 0.7802850356294537 0.6057046979865772 0.0166270783847981
3 0.3825503355704698 0.7927553444180523 0.5 0.022565320665083134
3 0.17114093959731544 0.8521377672209026 0.0738255033557047 0.022565320665083134
3 0.16778523489932887 0.8847980997624703 0.07046979865771812 0.021377672209026127
2 0.5360738255033557 0.42814726840855105 0.8104026845637584 0.10807600950118765
2 0.5318791946308725 0.5932304038004751 0.7919463087248322 0.14608076009501186