3 0.5016339869281046 0.11300505050505051 0.22875816993464052 0.021464646464646464
3 0.4223856209150327 0.41035353535353536 0.8022875816993464 0.0707070707070707
1 0.1527777777777778 0.48295454545454547 0.2630718954248366 0.02904040404040404
1 0.15359477124183007 0.5151515151515151 0.2679738562091503 0.022727272727272728
1 0.15441176470588236 0.5492424242424242 0.25980392156862747 0.030303030303030304
1 0.15196078431372548 0.5934343434343434 0.2647058823529412 0.04292929292929293
1 0.5269607843137255 0.4797979797979798 0.17483660130718953 0.027777777777777776
1 0.5294117647058824 0.5126262626262627 0.1830065359477124 0.025252525252525252
1 0.5326797385620915 0.5473484848484849 0.19607843137254902 0.02904040404040404
1 0.5433006535947712 0.5890151515151515 0.22058823529411764 0.036616161616161616
2 0.49019607843137253 0.25 0.9084967320261438 0.2222222222222222
3 0.4861111111111111 0.9463383838383839 0.8120915032679739 0.054292929292929296