3 0.49019607843137253 0.11931818181818182 0.9379084967320261 0.10732323232323232
3 0.4991830065359477 0.20517676767676768 0.946078431372549 0.04924242424242424
1 0.2042483660130719 0.23737373737373738 0.16013071895424835 0.010101010101010102
3 0.0718954248366013 0.2361111111111111 0.0915032679738562 0.012626262626262626
3 0.6274509803921569 0.2335858585858586 0.6699346405228758 0.020202020202020204
3 0.4934640522875817 0.2784090909090909 0.954248366013072 0.06944444444444445
3 0.5040849673202614 0.6092171717171717 0.9656862745098039 0.06186868686868687
3 0.5040849673202614 0.6578282828282829 0.1781045751633987 0.015151515151515152
2 0.48366013071895425 0.442550505050505 0.9019607843137255 0.2588383838383838
2 0.4861111111111111 0.7765151515151515 0.9101307189542484 0.2222222222222222
3 0.48366013071895425 0.94760101010101 0.803921568627451 0.05176767676767677