2 0.26929530201342283 0.15795724465558195 0.45805369127516776 0.10451306413301663
3 0.7038590604026845 0.05463182897862233 0.3775167785234899 0.05463182897862233
3 0.21140939597315436 0.25 0.3389261744966443 0.03681710213776722
3 0.10738255033557047 0.3028503562945368 0.12080536912751678 0.014251781472684086
3 0.08473154362416108 0.45902612826603323 0.08557046979865772 0.015439429928741092
3 0.09144295302013423 0.6347980997624703 0.09899328859060402 0.015439429928741092
3 0.5763422818791947 0.13539192399049882 0.10234899328859061 0.019002375296912115
3 0.7323825503355704 0.8533254156769596 0.43791946308724833 0.060570071258907364
3 0.8062080536912751 0.9548693586698337 0.16610738255033558 0.014251781472684086
3 0.20469798657718122 0.9483372921615202 0.2080536912751678 0.02494061757719715
3 0.6149328859060402 0.16389548693586697 0.1493288590604027 0.021377672209026127
2 0.2701342281879195 0.3824228028503563 0.4664429530201342 0.12826603325415678
2 0.2709731543624161 0.5463182897862233 0.45805369127516776 0.14489311163895488
3 0.337248322147651 0.6460807600950119 0.23154362416107382 0.047505938242280284
2 0.7348993288590604 0.4643705463182898 0.44966442953020136 0.5534441805225653
1 0.7265100671140939 0.7808788598574822 0.4261744966442953 0.06532066508313539
3 0.08389261744966443 0.6971496437054632 0.09731543624161074 0.0166270783847981
3 0.11828859060402684 0.8562945368171021 0.15268456375838926 0.0166270783847981
3 0.35318791946308725 0.8764845605700713 0.2197986577181208 0.06175771971496437
2 0.7399328859060402 0.9144893111638955 0.45302013422818793 0.047505938242280284
3 0.3145973154362416 0.7785035629453682 0.3976510067114094 0.05344418052256532