3 0.5234899328859061 0.04275534441805225 0.761744966442953 0.035629453681710214
3 0.5260067114093959 0.11104513064133016 0.7734899328859061 0.09144893111638955
3 0.5226510067114094 0.1840855106888361 0.7768456375838926 0.035629453681710214
3 0.46895973154362414 0.22505938242280285 0.662751677852349 0.020190023752969122
3 0.5276845637583892 0.27969121140142517 0.7936241610738255 0.060570071258907364
2 0.5226510067114094 0.35332541567695963 0.8036912751677853 0.08907363420427554
2 0.5276845637583892 0.517814726840855 0.8070469798657718 0.07363420427553444
2 0.5302013422818792 0.6876484560570071 0.8120805369127517 0.10451306413301663
3 0.5209731543624161 0.4412114014251782 0.7768456375838926 0.07482185273159145
3 0.4798657718120805 0.5985748218527316 0.6879194630872483 0.07363420427553444
3 0.47818791946308725 0.7921615201900237 0.6778523489932886 0.09026128266033254
3 0.5243288590604027 0.8842042755344418 0.7768456375838926 0.06294536817102138