3 0.511437908496732 0.12058080808080808 0.8006535947712419 0.0946969696969697
3 0.5155228758169934 0.21085858585858586 0.8055555555555556 0.06565656565656566
3 0.5122549019607843 0.3036616161616162 0.8055555555555556 0.0946969696969697
3 0.511437908496732 0.3680555555555556 0.06535947712418301 0.016414141414141416
2 0.5106209150326797 0.42108585858585856 0.46568627450980393 0.08964646464646464
2 0.5245098039215687 0.7960858585858586 0.49673202614379086 0.06439393939393939
3 0.511437908496732 0.7575757575757576 0.06209150326797386 0.017676767676767676
3 0.5106209150326797 0.5075757575757576 0.8022875816993464 0.06565656565656566
3 0.5163398692810458 0.5827020202020202 0.8071895424836601 0.06186868686868687
3 0.5122549019607843 0.6445707070707071 0.8022875816993464 0.03409090909090909
3 0.5130718954248366 0.7026515151515151 0.7973856209150327 0.06186868686868687
3 0.5122549019607843 0.8579545454545454 0.8055555555555556 0.036616161616161616