3 0.5098039215686274 0.08648989898989899 0.1437908496732026 0.02904040404040404
3 0.4820261437908497 0.26136363636363635 0.4444444444444444 0.045454545454545456
3 0.5138888888888888 0.32323232323232326 0.8055555555555556 0.05303030303030303
3 0.5138888888888888 0.3939393939393939 0.8022875816993464 0.06565656565656566
3 0.5122549019607843 0.4684343434343434 0.7990196078431373 0.05555555555555555
3 0.5089869281045751 0.5195707070707071 0.2761437908496732 0.03409090909090909
3 0.2867647058823529 0.6546717171717171 0.22712418300653595 0.01893939393939394
3 0.5130718954248366 0.6868686868686869 0.3562091503267974 0.03282828282828283
2 0.5155228758169934 0.5883838383838383 0.6552287581699346 0.10606060606060606
2 0.5122549019607843 0.1672979797979798 0.4722222222222222 0.13257575757575757
2 0.5122549019607843 0.7714646464646465 0.6519607843137255 0.1388888888888889