2 0.41748366013071897 0.39015151515151514 0.5277777777777778 0.06060606060606061
3 0.4215686274509804 0.442550505050505 0.6143790849673203 0.026515151515151516
3 0.14869281045751634 0.4880050505050505 0.0718954248366013 0.01893939393939394
3 0.4485294117647059 0.5189393939393939 0.6715686274509803 0.020202020202020204
3 0.2549019607843137 0.5498737373737373 0.27450980392156865 0.023989898989898988
3 0.21241830065359477 0.5827020202020202 0.19607843137254902 0.021464646464646464
3 0.5138888888888888 0.6306818181818182 0.8022875816993464 0.05176767676767677
3 0.511437908496732 0.6862373737373737 0.8006535947712419 0.03409090909090909
3 0.5179738562091504 0.8106060606060606 0.7581699346405228 0.17929292929292928
3 0.24428104575163398 0.08522727272727272 0.272875816993464 0.023989898989898988
3 0.4959150326797386 0.12563131313131312 0.7728758169934641 0.036616161616161616
3 0.16748366013071894 0.16540404040404041 0.10947712418300654 0.020202020202020204
3 0.2107843137254902 0.1976010101010101 0.20588235294117646 0.021464646464646464
3 0.6666666666666666 0.19696969696969696 0.23529411764705882 0.022727272727272728
3 0.4959150326797386 0.2601010101010101 0.7728758169934641 0.08585858585858586
3 0.4991830065359477 0.3333333333333333 0.7663398692810458 0.04292929292929293