3 0.4991830065359477 0.10164141414141414 0.7075163398692811 0.04671717171717172
3 0.5694444444444444 0.1590909090909091 0.684640522875817 0.03535353535353535
3 0.5318627450980392 0.19570707070707072 0.6029411764705882 0.027777777777777776
3 0.5465686274509803 0.2638888888888889 0.7467320261437909 0.08080808080808081
3 0.545751633986928 0.3440656565656566 0.7483660130718954 0.054292929292929296
3 0.27369281045751637 0.39141414141414144 0.32189542483660133 0.025252525252525252
3 0.5016339869281046 0.44002525252525254 0.7777777777777778 0.06186868686868687
3 0.511437908496732 0.48484848484848486 0.5032679738562091 0.015151515151515152
2 0.5130718954248366 0.5662878787878788 0.5098039215686274 0.14772727272727273
3 0.4812091503267974 0.6685606060606061 0.7401960784313726 0.036616161616161616
3 0.511437908496732 0.7266414141414141 0.7941176470588235 0.056818181818181816