3 0.24509803921568626 0.06565656565656566 0.39869281045751637 0.020202020202020204
3 0.4297385620915033 0.09722222222222222 0.7483660130718954 0.020202020202020204
3 0.5 0.15025252525252525 0.8888888888888888 0.06313131313131314
3 0.2181372549019608 0.2058080808080808 0.3349673202614379 0.020202020202020204
0 0.09803921568627451 0.22537878787878787 0.02287581699346405 0.016414141414141416
0 0.0988562091503268 0.24368686868686867 0.021241830065359478 0.015151515151515152
0 0.0988562091503268 0.2619949494949495 0.027777777777777776 0.016414141414141416
0 0.09640522875816994 0.2796717171717172 0.02287581699346405 0.016414141414141416
0 0.09722222222222222 0.29924242424242425 0.024509803921568627 0.017676767676767676
0 0.0988562091503268 0.3188131313131313 0.021241830065359478 0.016414141414141416
0 0.09722222222222222 0.39457070707070707 0.024509803921568627 0.01893939393939394
0 0.09640522875816994 0.4311868686868687 0.02287581699346405 0.016414141414141416
0 0.0988562091503268 0.4715909090909091 0.024509803921568627 0.016414141414141416
3 0.190359477124183 0.22601010101010102 0.1454248366013072 0.015151515151515152
3 0.3929738562091503 0.24494949494949494 0.5506535947712419 0.015151515151515152
1 0.3333333333333333 0.26515151515151514 0.19607843137254902 0.017676767676767676
1 0.35866013071895425 0.2840909090909091 0.20098039215686275 0.015151515151515152
1 0.4877450980392157 0.3213383838383838 0.14215686274509803 0.01893939393939394
1 0.477124183006536 0.43497474747474746 0.1437908496732026 0.016414141414141416
3 0.17401960784313725 0.26262626262626265 0.11601307189542484 0.017676767676767676
3 0.5171568627450981 0.26262626262626265 0.16176470588235295 0.017676767676767676
3 0.579248366013072 0.2815656565656566 0.2173202614379085 0.020202020202020204
3 0.18709150326797386 0.2828282828282828 0.13562091503267973 0.015151515151515152
3 0.45179738562091504 0.29987373737373735 0.6650326797385621 0.016414141414141416
3 0.2647058823529412 0.3181818181818182 0.29411764705882354 0.017676767676767676
3 0.7508169934640523 0.3188131313131313 0.3611111111111111 0.01893939393939394
3 0.5236928104575164 0.35669191919191917 0.815359477124183 0.056818181818181816
3 0.5253267973856209 0.4034090909090909 0.8186274509803921 0.036616161616161616
3 0.25735294117647056 0.4337121212121212 0.28594771241830064 0.016414141414141416
3 0.7410130718954249 0.432449494949495 0.37745098039215685 0.01893939393939394
3 0.4387254901960784 0.45391414141414144 0.6552287581699346 0.01893939393939394
3 0.28921568627450983 0.4715909090909091 0.34967320261437906 0.01893939393939394
3 0.4950980392156863 0.5176767676767676 0.8790849673202614 0.04292929292929293
3 0.1380718954248366 0.5643939393939394 0.16830065359477125 0.020202020202020204
2 0.4526143790849673 0.6546717171717171 0.7973856209150327 0.16792929292929293