1 0.3194444444444444 0.054292929292929296 0.27941176470588236 0.015151515151515152
1 0.7565359477124183 0.05303030303030303 0.2222222222222222 0.015151515151515152
3 0.619281045751634 0.05303030303030303 0.049019607843137254 0.020202020202020204
3 0.14950980392156862 0.05303030303030303 0.05065359477124183 0.017676767676767676
3 0.4934640522875817 0.09722222222222222 0.826797385620915 0.05808080808080808
3 0.41421568627450983 0.15025252525252525 0.7107843137254902 0.04040404040404041
2 0.5024509803921569 0.3529040404040404 0.9003267973856209 0.3371212121212121
3 0.477124183006536 0.6325757575757576 0.9183006535947712 0.20707070707070707
3 0.18872549019607843 0.9463383838383839 0.2761437908496732 0.026515151515151516
3 0.5245098039215687 0.9463383838383839 0.12091503267973856 0.026515151515151516
3 0.8014705882352942 0.94760101010101 0.06045751633986928 0.026515151515151516