1 0.23937908496732027 0.09343434343434344 0.3055555555555556 0.015151515151515152
1 0.2434640522875817 0.1167929292929293 0.3104575163398693 0.01893939393939394
1 0.7009803921568627 0.11363636363636363 0.16013071895424835 0.017676767676767676
3 0.5898692810457516 0.10479797979797979 0.05555555555555555 0.017676767676767676
3 0.05473856209150327 0.08585858585858586 0.05065359477124183 0.015151515151515152
3 0.05473856209150327 0.10606060606060606 0.04411764705882353 0.015151515151515152
1 0.15522875816993464 0.14583333333333334 0.16993464052287582 0.021464646464646464
3 0.05228758169934641 0.14457070707070707 0.03594771241830065 0.023989898989898988
3 0.4158496732026144 0.1773989898989899 0.7696078431372549 0.01893939393939394
2 0.42892156862745096 0.26515151515151514 0.8022875816993464 0.14393939393939395
3 0.20915032679738563 0.3680555555555556 0.35947712418300654 0.02904040404040404
3 0.24509803921568626 0.43434343434343436 0.4477124183006536 0.027777777777777776
3 0.18790849673202614 0.49684343434343436 0.3300653594771242 0.023989898989898988
3 0.4665032679738562 0.5643939393939394 0.8774509803921569 0.030303030303030304
3 0.08088235294117647 0.6237373737373737 0.10294117647058823 0.022727272727272728
3 0.35866013071895425 0.7007575757575758 0.6356209150326797 0.10858585858585859
3 0.3488562091503268 0.8320707070707071 0.6290849673202614 0.0707070707070707