3 0.27164887307236063 0.07046979865771812 0.45077105575326215 0.1040268456375839
3 0.27283511269276395 0.1476510067114094 0.4555160142348754 0.04697986577181208
3 0.2722419928825623 0.21224832214765102 0.45670225385527874 0.07885906040268456
3 0.27402135231316727 0.3062080536912752 0.4483985765124555 0.10570469798657718
3 0.27283511269276395 0.41023489932885904 0.45077105575326215 0.09563758389261745
3 0.2722419928825623 0.5 0.45195729537366547 0.07718120805369127
3 0.27164887307236063 0.5947986577181208 0.45077105575326215 0.11241610738255034
3 0.2734282325029656 0.6812080536912751 0.4543297746144721 0.06375838926174497
3 0.1423487544483986 0.7206375838926175 0.19217081850533807 0.01174496644295302
2 0.2680901542111507 0.7592281879194631 0.41043890865954924 0.06543624161073826
2 0.2609727164887307 0.9018456375838926 0.40569395017793597 0.09899328859060402
3 0.27105575326215897 0.8221476510067114 0.44958481613285883 0.06040268456375839
3 0.24673784104389088 0.9580536912751678 0.39383155397390274 0.020134228187919462
3 0.741399762752076 0.8523489932885906 0.2918149466192171 0.09395973154362416
3 0.7408066429418743 0.7516778523489933 0.29062870699881377 0.09060402684563758
3 0.7449584816132859 0.6568791946308725 0.3013048635824436 0.09228187919463088
3 0.7437722419928826 0.5604026845637584 0.298932384341637 0.09395973154362416
3 0.7467378410438908 0.4639261744966443 0.30486358244365364 0.09228187919463088
3 0.7698695136417556 0.3640939597315436 0.34638196915776986 0.09395973154362416
3 0.5693950177935944 0.26677852348993286 0.11150652431791222 0.020134228187919462
3 0.7188612099644128 0.2986577181208054 0.24199288256227758 0.026845637583892617
0 0.575326215895611 0.3296979865771812 0.033214709371293 0.05201342281879195
0 0.575326215895611 0.4303691275167785 0.033214709371293 0.04865771812080537
0 0.575326215895611 0.5293624161073825 0.033214709371293 0.05201342281879195
0 0.5741399762752076 0.6258389261744967 0.03558718861209965 0.050335570469798654
0 0.5747330960854092 0.7231543624161074 0.03440094899169632 0.053691275167785234
0 0.5741399762752076 0.8204697986577181 0.03558718861209965 0.053691275167785234
3 0.529655990510083 0.06291946308724833 0.04151838671411625 0.025167785234899327
3 0.5693950177935944 0.14429530201342283 0.11387900355871886 0.020134228187919462
3 0.5705812574139977 0.174496644295302 0.11150652431791222 0.020134228187919462
3 0.5682087781731909 0.20469798657718122 0.11387900355871886 0.02348993288590604
3 0.5693950177935944 0.23573825503355705 0.11150652431791222 0.02181208053691275
2 0.5836298932384342 0.10654362416107382 0.10676156583629894 0.05536912751677853
3 0.9104389086595492 0.11409395973154363 0.07947805456702253 0.07046979865771812