3 0.5195729537366548 0.1115771812080537 0.44365361803084225 0.11241610738255034
3 0.11447212336892053 0.03523489932885906 0.06287069988137604 0.016778523489932886
3 0.1737841043890866 0.03607382550335571 0.010676156583629894 0.018456375838926176
3 0.2069988137603796 0.03607382550335571 0.010676156583629894 0.018456375838926176
3 0.23902728351126928 0.03523489932885906 0.010676156583629894 0.016778523489932886
0 0.15776986951364175 0.03691275167785235 0.014234875444839857 0.020134228187919462
0 0.19098457888493475 0.03607382550335571 0.014234875444839857 0.02181208053691275
0 0.22241992882562278 0.037751677852348994 0.01542111506524318 0.02181208053691275
0 0.25504151838671413 0.03691275167785235 0.0166073546856465 0.020134228187919462
2 0.1601423487544484 0.11912751677852348 0.2752075919335706 0.14429530201342283
2 0.8564650059311981 0.10486577181208054 0.23962040332147094 0.17281879194630873
2 0.49940688018979834 0.5654362416107382 0.9584816132858838 0.7550335570469798
3 0.938908659549229 0.950503355704698 0.04151838671411625 0.02181208053691275