3 0.5219454329774614 0.10906040268456375 0.45077105575326215 0.10738255033557047
3 0.1132858837485172 0.03691275167785235 0.06287069988137604 0.016778523489932886
3 0.17022538552787664 0.03691275167785235 0.01542111506524318 0.016778523489932886
3 0.20284697508896798 0.03691275167785235 0.011862396204033215 0.016778523489932886
3 0.23665480427046262 0.03607382550335571 0.010676156583629894 0.018456375838926176
0 0.15361803084223014 0.03691275167785235 0.010676156583629894 0.016778523489932886
0 0.18801897983392646 0.03691275167785235 0.013048635824436536 0.02348993288590604
0 0.2188612099644128 0.03523489932885906 0.01542111506524318 0.02348993288590604
0 0.25326215895610915 0.03691275167785235 0.01542111506524318 0.020134228187919462
2 0.15776986951364175 0.11996644295302013 0.2752075919335706 0.14261744966442952
2 0.8606168446026097 0.10486577181208054 0.23368920521945433 0.17281879194630873
2 0.49940688018979834 0.5721476510067114 0.9655990510083037 0.7684563758389261
3 0.9365361803084223 0.962248322147651 0.03202846975088968 0.018456375838926176