3 0.6593959731543624 0.05344418052256532 0.5369127516778524 0.052256532066508314
0 0.5746644295302014 0.10866983372921615 0.018456375838926176 0.015439429928741092
0 0.6820469798657718 0.10807600950118765 0.015100671140939598 0.014251781472684086
0 0.8154362416107382 0.10807600950118765 0.013422818791946308 0.011876484560570071
1 0.2080536912751678 0.1347980997624703 0.08389261744966443 0.015439429928741092
1 0.3540268456375839 0.1347980997624703 0.15771812080536912 0.013064133016627079
1 0.5343959731543624 0.1347980997624703 0.1593959731543624 0.015439429928741092
3 0.6233221476510067 0.10748218527315914 0.06879194630872483 0.015439429928741092
3 0.7449664429530202 0.10688836104513064 0.10067114093959731 0.0166270783847981
3 0.860738255033557 0.10748218527315914 0.06711409395973154 0.017814726840855107
3 0.12248322147651007 0.1324228028503563 0.08053691275167785 0.017814726840855107
3 0.2609060402684564 0.1347980997624703 0.018456375838926176 0.020190023752969122
3 0.4429530201342282 0.1342042755344418 0.016778523489932886 0.019002375296912115
2 0.5058724832214765 0.3028503562945368 0.8640939597315436 0.2826603325415677
2 0.50251677852349 0.6389548693586699 0.860738255033557 0.3515439429928741
2 0.5050335570469798 0.8521377672209026 0.8691275167785235 0.07007125890736342
2 0.5083892617449665 0.9507125890736342 0.87248322147651 0.06532066508313539
3 0.4211409395973154 0.9043942992874109 0.7046979865771812 0.017814726840855107