3 0.3624161073825503 0.0332541567695962 0.5637583892617449 0.030878859857482184
3 0.1040268456375839 0.058788598574821854 0.050335570469798654 0.020190023752969122
3 0.37583892617449666 0.06116389548693587 0.02348993288590604 0.020190023752969122
3 0.6484899328859061 0.062351543942992874 0.09228187919463088 0.017814726840855107
3 0.5343959731543624 0.12885985748218529 0.511744966442953 0.022565320665083134
3 0.3389261744966443 0.19180522565320665 0.5436241610738255 0.07957244655581948
3 0.4815436241610738 0.5688836104513064 0.7483221476510067 0.0166270783847981
3 0.5050335570469798 0.6977434679334917 0.7919463087248322 0.22209026128266032
3 0.5033557046979866 0.5380047505938242 0.5939597315436241 0.019002375296912115
2 0.5067114093959731 0.35748218527315917 0.8993288590604027 0.2375296912114014
1 0.24496644295302014 0.06294536817102138 0.22818791946308725 0.021377672209026127
1 0.49580536912751677 0.06353919239904988 0.20973154362416108 0.022565320665083134