3 0.49754901960784315 0.06060606060606061 0.42320261437908496 0.022727272727272728
3 0.14787581699346405 0.09027777777777778 0.1388888888888889 0.013888888888888888
3 0.8284313725490197 0.09090909090909091 0.16993464052287582 0.015151515151515152
3 0.45098039215686275 0.12184343434343434 0.5098039215686274 0.021464646464646464
3 0.5318627450980392 0.20075757575757575 0.7401960784313726 0.11363636363636363
3 0.545751633986928 0.32323232323232326 0.7679738562091504 0.10606060606060606
3 0.23366013071895425 0.3939393939393939 0.20915032679738563 0.022727272727272728
3 0.5416666666666666 0.4671717171717172 0.7598039215686274 0.10606060606060606
3 0.5441176470588235 0.5820707070707071 0.7647058823529411 0.10101010101010101
3 0.5580065359477124 0.6843434343434344 0.7336601307189542 0.08838383838383838
3 0.559640522875817 0.7436868686868687 0.4068627450980392 0.017676767676767676
2 0.5571895424836601 0.8421717171717171 0.7352941176470589 0.1590909090909091