3 0.3815359477124183 0.06944444444444445 0.6584967320261438 0.027777777777777776
3 0.19362745098039216 0.1029040404040404 0.10947712418300654 0.01893939393939394
3 0.2181372549019608 0.12247474747474747 0.15522875816993464 0.015151515151515152
3 0.2638888888888889 0.13952020202020202 0.2434640522875817 0.01893939393939394
3 0.579248366013072 0.10416666666666667 0.1715686274509804 0.016414141414141416
3 0.5588235294117647 0.12121212121212122 0.12745098039215685 0.015151515151515152
3 0.5441176470588235 0.14015151515151514 0.09803921568627451 0.015151515151515152
0 0.12581699346405228 0.1029040404040404 0.026143790849673203 0.01893939393939394
0 0.12581699346405228 0.12184343434343434 0.026143790849673203 0.013888888888888888
0 0.12663398692810457 0.14015151515151514 0.024509803921568627 0.017676767676767676
0 0.47875816993464054 0.10353535353535354 0.026143790849673203 0.017676767676767676
0 0.4795751633986928 0.12184343434343434 0.027777777777777776 0.013888888888888888
0 0.4812091503267974 0.14015151515151514 0.024509803921568627 0.017676767676767676
0 0.12663398692810457 0.20707070707070707 0.027777777777777776 0.015151515151515152
0 0.28513071895424835 0.2077020202020202 0.024509803921568627 0.016414141414141416
0 0.5016339869281046 0.2077020202020202 0.026143790849673203 0.01893939393939394
0 0.6282679738562091 0.20896464646464646 0.021241830065359478 0.01893939393939394
0 0.12581699346405228 0.2746212121212121 0.02287581699346405 0.01893939393939394
0 0.2434640522875817 0.27525252525252525 0.02287581699346405 0.020202020202020204
0 0.12581699346405228 0.34154040404040403 0.026143790849673203 0.016414141414141416
0 0.2426470588235294 0.3428030303030303 0.024509803921568627 0.021464646464646464
3 0.39705882352941174 0.17487373737373738 0.6862745098039216 0.016414141414141416
3 0.18872549019607843 0.20707070707070707 0.08986928104575163 0.017676767676767676
3 0.37745098039215685 0.20707070707070707 0.1503267973856209 0.015151515151515152
3 0.5465686274509803 0.20643939393939395 0.05392156862745098 0.016414141414141416
3 0.6740196078431373 0.20454545454545456 0.06045751633986928 0.022727272727272728
3 0.34395424836601307 0.24116161616161616 0.5800653594771242 0.015151515151515152
3 0.1568627450980392 0.27335858585858586 0.029411764705882353 0.016414141414141416
3 0.27205882352941174 0.273989898989899 0.021241830065359478 0.017676767676767676
3 0.24673202614379086 0.30808080808080807 0.38562091503267976 0.020202020202020204
3 0.1576797385620915 0.3402777777777778 0.03104575163398693 0.023989898989898988
3 0.2704248366013072 0.3402777777777778 0.024509803921568627 0.01893939393939394
3 0.45098039215686275 0.38446969696969696 0.8006535947712419 0.041666666666666664
2 0.4027777777777778 0.5113636363636364 0.7303921568627451 0.20454545454545456
3 0.6176470588235294 0.9583333333333334 0.6437908496732027 0.0707070707070707