3 0.4869281045751634 0.1268939393939394 0.7549019607843137 0.05176767676767677
3 0.5016339869281046 0.2152777777777778 0.7843137254901961 0.10479797979797979
3 0.7026143790849673 0.052398989898989896 0.3888888888888889 0.039141414141414144
3 0.49836601307189543 0.3036616161616162 0.3137254901960784 0.021464646464646464
3 0.42320261437908496 0.33080808080808083 0.13398692810457516 0.020202020202020204
3 0.4256535947712418 0.35164141414141414 0.05065359477124183 0.01893939393939394
1 0.571078431372549 0.3327020202020202 0.14869281045751634 0.026515151515151516
1 0.5204248366013072 0.3529040404040404 0.1454248366013072 0.023989898989898988
2 0.49264705882352944 0.4930555555555556 0.7794117647058824 0.22348484848484848
3 0.5040849673202614 0.6534090909090909 0.7794117647058824 0.07702020202020202
3 0.46405228758169936 0.7462121212121212 0.7647058823529411 0.06313131313131314
3 0.33169934640522875 0.8415404040404041 0.2647058823529412 0.10732323232323232