3 0.28594771241830064 0.06691919191919192 0.47058823529411764 0.020202020202020204
3 0.39133986928104575 0.08712121212121213 0.380718954248366 0.017676767676767676
3 0.3709150326797386 0.10732323232323232 0.3431372549019608 0.017676767676767676
3 0.2908496732026144 0.12436868686868686 0.16993464052287582 0.01893939393939394
3 0.2238562091503268 0.13952020202020202 0.0457516339869281 0.016414141414141416
3 0.2238562091503268 0.15593434343434343 0.049019607843137254 0.016414141414141416
1 0.3300653594771242 0.1407828282828283 0.17320261437908496 0.016414141414141416
3 0.3946078431372549 0.1893939393939394 0.684640522875817 0.017676767676767676
0 0.12581699346405228 0.20643939393939395 0.0196078431372549 0.016414141414141416
0 0.12418300653594772 0.22285353535353536 0.0196078431372549 0.013888888888888888
0 0.125 0.24053030303030304 0.021241830065359478 0.016414141414141416
0 0.12418300653594772 0.2569444444444444 0.02287581699346405 0.016414141414141416
0 0.12581699346405228 0.27525252525252525 0.02287581699346405 0.017676767676767676
0 0.125 0.3244949494949495 0.021241830065359478 0.015151515151515152
0 0.125 0.34154040404040403 0.021241830065359478 0.013888888888888888
0 0.125 0.35984848484848486 0.021241830065359478 0.015151515151515152
0 0.125 0.37626262626262624 0.024509803921568627 0.017676767676767676
0 0.12581699346405228 0.9356060606060606 0.026143790849673203 0.017676767676767676
0 0.26062091503267976 0.9356060606060606 0.024509803921568627 0.017676767676767676
0 0.3880718954248366 0.9356060606060606 0.024509803921568627 0.017676767676767676
0 0.5024509803921569 0.9349747474747475 0.021241830065359478 0.016414141414141416
0 0.6160130718954249 0.9356060606060606 0.02287581699346405 0.017676767676767676
3 0.19934640522875818 0.20517676767676768 0.12745098039215685 0.01893939393939394
3 0.18055555555555555 0.22348484848484848 0.08986928104575163 0.015151515151515152
3 0.1895424836601307 0.24116161616161616 0.10130718954248366 0.012626262626262626
3 0.20751633986928106 0.2569444444444444 0.14052287581699346 0.013888888888888888
3 0.18218954248366012 0.27525252525252525 0.08986928104575163 0.015151515151515152
3 0.2883986928104575 0.3068181818181818 0.46568627450980393 0.017676767676767676
3 0.17892156862745098 0.32386363636363635 0.08660130718954248 0.016414141414141416
3 0.1642156862745098 0.3409090909090909 0.05392156862745098 0.015151515151515152
3 0.17647058823529413 0.35858585858585856 0.07516339869281045 0.015151515151515152
3 0.18709150326797386 0.37626262626262624 0.09967320261437909 0.017676767676767676
3 0.12336601307189543 0.41035353535353536 0.1388888888888889 0.017676767676767676
3 0.47794117647058826 0.4772727272727273 0.8578431372549019 0.05303030303030303
3 0.5359477124183006 0.5107323232323232 0.4934640522875817 0.013888888888888888
2 0.45098039215686275 0.6565656565656566 0.7483660130718954 0.2777777777777778
3 0.30637254901960786 0.8175505050505051 0.511437908496732 0.01893939393939394
3 0.49754901960784315 0.9015151515151515 0.8872549019607843 0.047979797979797977