2 0.5041946308724832 0.42636579572446553 0.837248322147651 0.07838479809976247
2 0.5050335570469798 0.565914489311164 0.8389261744966443 0.13895486935866982
3 0.200503355704698 0.0831353919239905 0.21644295302013422 0.014251781472684086
1 0.4278523489932886 0.08194774346793349 0.22483221476510068 0.0166270783847981
3 0.5738255033557047 0.08194774346793349 0.050335570469798654 0.019002375296912115
3 0.8909395973154363 0.08254156769596199 0.040268456375838924 0.013064133016627079
3 0.12751677852348994 0.09916864608076009 0.013422818791946308 0.010688836104513063
3 0.29697986577181207 0.09916864608076009 0.010067114093959731 0.010688836104513063
3 0.5251677852348994 0.09916864608076009 0.0738255033557047 0.010688836104513063
3 0.13674496644295303 0.11342042755344418 0.031879194630872486 0.013064133016627079
3 0.5369127516778524 0.11401425178147269 0.016778523489932886 0.011876484560570071
3 0.6862416107382551 0.11282660332541568 0.03691275167785235 0.014251781472684086
3 0.8825503355704698 0.11342042755344418 0.04697986577181208 0.013064133016627079
3 0.14597315436241612 0.12945368171021376 0.04697986577181208 0.011876484560570071
3 0.47567114093959734 0.12826603325415678 0.018456375838926176 0.011876484560570071
3 0.5419463087248322 0.13064133016627077 0.050335570469798654 0.0166270783847981
3 0.6065436241610739 0.12885985748218529 0.018456375838926176 0.010688836104513063
3 0.875 0.12885985748218529 0.06543624161073826 0.013064133016627079
3 0.3070469798657718 0.14667458432304037 0.030201342281879196 0.010688836104513063
3 0.34563758389261745 0.14608076009501186 0.03355704697986577 0.011876484560570071
3 0.3800335570469799 0.14548693586698339 0.015100671140939598 0.013064133016627079
3 0.6241610738255033 0.14429928741092637 0.026845637583892617 0.013064133016627079
3 0.8959731543624161 0.14667458432304037 0.016778523489932886 0.010688836104513063
3 0.1912751677852349 0.16211401425178149 0.03691275167785235 0.013064133016627079
3 0.4001677852348993 0.16211401425178149 0.04530201342281879 0.013064133016627079
3 0.6703020134228188 0.16092636579572447 0.031879194630872486 0.013064133016627079
3 0.8875838926174496 0.16211401425178149 0.03355704697986577 0.013064133016627079
3 0.6518456375838926 0.17755344418052257 0.5083892617449665 0.013064133016627079
3 0.20134228187919462 0.25356294536817103 0.2181208053691275 0.013064133016627079
3 0.18791946308724833 0.27434679334916867 0.1912751677852349 0.014251781472684086
3 0.5536912751677853 0.2755344418052256 0.053691275167785234 0.011876484560570071
3 0.11241610738255034 0.29038004750593827 0.0436241610738255 0.010688836104513063
3 0.3414429530201342 0.2915676959619953 0.015100671140939598 0.00831353919239905
3 0.7978187919463087 0.29097387173396677 0.06879194630872483 0.009501187648456057
3 0.8993288590604027 0.2921615201900237 0.020134228187919462 0.009501187648456057
3 0.45805369127516776 0.30641330166270786 0.030201342281879196 0.011876484560570071
3 0.8976510067114094 0.30700712589073637 0.020134228187919462 0.00831353919239905
3 0.17030201342281878 0.32185273159144895 0.03859060402684564 0.011876484560570071
3 0.3213087248322148 0.32185273159144895 0.09899328859060402 0.011876484560570071
3 0.6585570469798657 0.32185273159144895 0.09563758389261745 0.011876484560570071
3 0.8951342281879194 0.32185273159144895 0.025167785234899327 0.011876484560570071
3 0.1266778523489933 0.33847980997624705 0.07550335570469799 0.011876484560570071
3 0.4949664429530201 0.33669833729216153 0.15771812080536912 0.013064133016627079
3 0.8917785234899329 0.33669833729216153 0.031879194630872486 0.013064133016627079
3 0.3649328859060403 0.35391923990498814 0.018456375838926176 0.009501187648456057
3 0.473993288590604 0.3521377672209026 0.04194630872483222 0.013064133016627079
3 0.6359060402684564 0.3515439429928741 0.050335570469798654 0.011876484560570071
1 0.7374161073825504 0.08432304038004751 0.25671140939597314 0.0166270783847981
1 0.21308724832214765 0.10095011876484561 0.15436241610738255 0.014251781472684086
1 0.39681208053691275 0.10095011876484561 0.17953020134228187 0.014251781472684086
1 0.735738255033557 0.1003562945368171 0.34060402684563756 0.010688836104513063
1 0.34060402684563756 0.1163895486935867 0.31208053691275167 0.011876484560570071
1 0.6073825503355704 0.1169833729216152 0.05704697986577181 0.013064133016627079
1 0.7810402684563759 0.1163895486935867 0.08557046979865772 0.011876484560570071
1 0.3036912751677852 0.13123515439429928 0.25838926174496646 0.015439429928741092
1 0.7290268456375839 0.13182897862232779 0.16610738255033558 0.014251781472684086
1 0.7558724832214765 0.14726840855106887 0.2197986577181208 0.014251781472684086
1 0.4983221476510067 0.14845605700712589 0.2080536912751678 0.014251781472684086
1 0.20385906040268456 0.14845605700712589 0.16275167785234898 0.014251781472684086
1 0.15016778523489932 0.16508313539192399 0.04865771812080537 0.011876484560570071
1 0.2936241610738255 0.16389548693586697 0.1644295302013423 0.014251781472684086
1 0.5394295302013423 0.16211401425178149 0.2197986577181208 0.013064133016627079
1 0.7785234899328859 0.16152019002375298 0.174496644295302 0.0166270783847981
1 0.25838926174496646 0.17933491686460806 0.2751677852348993 0.011876484560570071
1 0.20385906040268456 0.19418052256532067 0.16275167785234898 0.013064133016627079
1 0.40436241610738255 0.27731591448931114 0.22483221476510068 0.015439429928741092
1 0.75 0.27612826603325413 0.3187919463087248 0.015439429928741092
1 0.20469798657718122 0.2921615201900237 0.14093959731543623 0.014251781472684086
1 0.5234899328859061 0.29275534441805223 0.22483221476510068 0.015439429928741092
1 0.2634228187919463 0.3081947743467934 0.3422818791946309 0.015439429928741092
1 0.6820469798657718 0.3081947743467934 0.3875838926174497 0.013064133016627079
1 0.11996644295302013 0.32244655581947745 0.05536912751677853 0.013064133016627079
1 0.23154362416107382 0.32363420427553447 0.07046979865771812 0.013064133016627079
1 0.48825503355704697 0.32363420427553447 0.23154362416107382 0.015439429928741092
1 0.7936241610738255 0.32304038004750596 0.1610738255033557 0.014251781472684086
1 0.29194630872483224 0.33907363420427555 0.18791946308724833 0.013064133016627079
1 0.7265100671140939 0.33907363420427555 0.22818791946308725 0.013064133016627079
1 0.20973154362416108 0.35391923990498814 0.23154362416107382 0.014251781472684086
1 0.4161073825503356 0.35570071258907365 0.053691275167785234 0.013064133016627079
1 0.5536912751677853 0.35451306413301664 0.08389261744966443 0.013064133016627079
1 0.7667785234899329 0.35451306413301664 0.18120805369127516 0.013064133016627079
1 0.17785234899328858 0.3693586698337292 0.174496644295302 0.011876484560570071
1 0.4395973154362416 0.37114014251781474 0.24161073825503357 0.013064133016627079
1 0.735738255033557 0.37292161520190026 0.27348993288590606 0.014251781472684086
3 0.5788590604026845 0.3693586698337292 0.03355704697986577 0.011876484560570071
3 0.29194630872483224 0.3693586698337292 0.050335570469798654 0.014251781472684086
3 0.2600671140939597 0.47862232779097386 0.34563758389261745 0.0166270783847981
3 0.49916107382550334 0.6912114014251781 0.8204697986577181 0.07363420427553444
3 0.5469798657718121 0.7969121140142518 0.7214765100671141 0.1187648456057007