3 0.5016778523489933 0.11757719714964371 0.6208053691275168 0.1187648456057007
3 0.11912751677852348 0.23871733966745842 0.1342281879194631 0.03800475059382423
3 0.11325503355704698 0.31294536817102137 0.12248322147651007 0.043942992874109264
3 0.49916107382550334 0.39667458432304037 0.6929530201342282 0.06175771971496437
3 0.0964765100671141 0.4489311163895487 0.08557046979865772 0.0166270783847981
1 0.5268456375838926 0.23871733966745842 0.6711409395973155 0.03800475059382423
1 0.2684563758389262 0.3147268408551069 0.17785234899328858 0.04513064133016627
2 0.5268456375838926 0.5261282660332541 0.9395973154362416 0.13539192399049882
3 0.49916107382550334 0.6122327790973872 0.11241610738255034 0.020190023752969122
3 0.49916107382550334 0.7600950118764845 0.07885906040268456 0.0166270783847981
2 0.5276845637583892 0.6793349168646081 0.9446308724832215 0.1187648456057007
2 0.5276845637583892 0.8491686460807601 0.9446308724832215 0.166270783847981