3 0.7009803921568627 0.05176767676767677 0.38235294117647056 0.04292929292929293
3 0.4910130718954248 0.10669191919191919 0.7598039215686274 0.03409090909090909
3 0.3946078431372549 0.14393939393939395 0.5669934640522876 0.022727272727272728
2 0.4877450980392157 0.19696969696969696 0.6650326797385621 0.06565656565656566
3 0.494281045751634 0.2455808080808081 0.7565359477124183 0.016414141414141416
3 0.4166666666666667 0.2619949494949495 0.4869281045751634 0.013888888888888888
1 0.6740196078431373 0.26515151515151514 0.03104575163398693 0.017676767676767676
3 0.7058823529411765 0.26452020202020204 0.026143790849673203 0.01893939393939394
3 0.6486928104575164 0.2803030303030303 0.02287581699346405 0.012626262626262626
3 0.38480392156862747 0.2803030303030303 0.4199346405228758 0.015151515151515152
3 0.5 0.2967171717171717 0.6601307189542484 0.015151515151515152
3 0.38235294117647056 0.31376262626262624 0.3006535947712418 0.016414141414141416
3 0.1437908496732026 0.35984848484848486 0.12745098039215685 0.015151515151515152
1 0.6184640522875817 0.2809343434343434 0.04084967320261438 0.016414141414141416
1 0.7401960784313726 0.4659090909090909 0.2647058823529412 0.020202020202020204
1 0.7393790849673203 0.48547979797979796 0.26633986928104575 0.016414141414141416
1 0.7377450980392157 0.5164141414141414 0.2630718954248366 0.017676767676767676
1 0.4877450980392157 0.63510101010101 0.03758169934640523 0.012626262626262626
1 0.6127450980392157 0.6338383838383839 0.11437908496732026 0.017676767676767676
1 0.4599673202614379 0.6792929292929293 0.04084967320261438 0.015151515151515152
1 0.5988562091503268 0.6767676767676768 0.1388888888888889 0.017676767676767676
3 0.19444444444444445 0.39015151515151514 0.23202614379084968 0.015151515151515152
3 0.4852941176470588 0.42613636363636365 0.7483660130718954 0.03156565656565657
3 0.37745098039215685 0.4633838383838384 0.17973856209150327 0.017676767676767676
3 0.3668300653594771 0.4823232323232323 0.16830065359477125 0.015151515151515152
3 0.31290849673202614 0.5138888888888888 0.04738562091503268 0.017676767676767676
3 0.5008169934640523 0.5606060606060606 0.7761437908496732 0.045454545454545456
3 0.4934640522875817 0.6092171717171717 0.761437908496732 0.02904040404040404
3 0.3611111111111111 0.6338383838383839 0.20588235294117646 0.015151515151515152
3 0.5318627450980392 0.6338383838383839 0.04738562091503268 0.015151515151515152
3 0.7655228758169934 0.63510101010101 0.18790849673202614 0.020202020202020204
3 0.2867647058823529 0.6477272727272727 0.05392156862745098 0.015151515151515152
3 0.3480392156862745 0.67739898989899 0.17320261437908496 0.016414141414141416
3 0.28921568627450983 0.6925505050505051 0.0718954248366013 0.013888888888888888
3 0.5065359477124183 0.67739898989899 0.049019607843137254 0.01893939393939394
3 0.7630718954248366 0.6748737373737373 0.19281045751633988 0.021464646464646464
3 0.49019607843137253 0.7285353535353535 0.7450980392156863 0.030303030303030304
3 0.5 0.928030303030303 0.14052287581699346 0.017676767676767676