3 0.4983221476510067 0.05344418052256532 0.09060402684563758 0.021377672209026127
3 0.4924496644295302 0.13954869358669833 0.8808724832214765 0.08907363420427554
3 0.2197986577181208 0.20486935866983372 0.33557046979865773 0.020190023752969122
3 0.49916107382550334 0.2375296912114014 0.34395973154362414 0.026128266033254157
3 0.49916107382550334 0.3188836104513064 0.8875838926174496 0.11520190023752969
2 0.3187919463087248 0.40498812351543945 0.5469798657718121 0.0665083135391924
3 0.4471476510067114 0.5184085510688836 0.790268456375839 0.055819477434679333
3 0.4899328859060403 0.5754156769596199 0.8758389261744967 0.039192399049881234
3 0.4941275167785235 0.6347980997624703 0.87751677852349 0.055819477434679333
3 0.48825503355704697 0.7078384798099763 0.8758389261744967 0.07125890736342043
3 0.49077181208053694 0.7731591448931117 0.8708053691275168 0.03800475059382423
3 0.24916107382550334 0.8141330166270784 0.39093959731543626 0.017814726840855107
3 0.48573825503355705 0.8877672209026128 0.8674496644295302 0.10807600950118765