2 0.5106209150326797 0.10479797979797979 0.8022875816993464 0.03282828282828283
3 0.4812091503267974 0.13636363636363635 0.7401960784313726 0.030303030303030304
3 0.49264705882352944 0.43686868686868685 0.7630718954248366 0.017676767676767676
3 0.3545751633986928 0.4659090909090909 0.477124183006536 0.017676767676767676
3 0.40931372549019607 0.6338383838383839 0.5898692810457516 0.017676767676767676
3 0.31209150326797386 0.9185606060606061 0.3888888888888889 0.016414141414141416
2 0.5163398692810458 0.20959595959595959 0.8071895424836601 0.12121212121212122
2 0.511437908496732 0.3529040404040404 0.8006535947712419 0.15025252525252525
2 0.5016339869281046 0.5441919191919192 0.7777777777777778 0.1414141414141414
2 0.5032679738562091 0.7765151515151515 0.7777777777777778 0.2702020202020202
3 0.8227124183006536 0.9362373737373737 0.1323529411764706 0.026515151515151516