3 0.4950980392156863 0.10037878787878787 0.31699346405228757 0.07196969696969698
3 0.5 0.19318181818181818 0.869281045751634 0.08080808080808081
3 0.12581699346405228 0.2563131313131313 0.1437908496732026 0.022727272727272728
3 0.08169934640522876 0.29103535353535354 0.0457516339869281 0.013888888888888888
3 0.0784313725490196 0.32386363636363635 0.049019607843137254 0.01893939393939394
3 0.18382352941176472 0.36174242424242425 0.25980392156862747 0.01893939393939394
3 0.18137254901960784 0.39141414141414144 0.24509803921568626 0.020202020202020204
3 0.352124183006536 0.4236111111111111 0.6029411764705882 0.021464646464646464
3 0.48366013071895425 0.7178030303030303 0.8660130718954249 0.039141414141414144
3 0.17565359477124182 0.7904040404040404 0.2434640522875817 0.012626262626262626
3 0.1503267973856209 0.8257575757575758 0.026143790849673203 0.010101010101010102
0 0.125 0.8087121212121212 0.021241830065359478 0.01893939393939394
0 0.125 0.8276515151515151 0.021241830065359478 0.016414141414141416
0 0.18055555555555555 0.8945707070707071 0.021241830065359478 0.013888888888888888
0 0.18137254901960784 0.9122474747474747 0.016339869281045753 0.011363636363636364
0 0.18218954248366012 0.928030303030303 0.014705882352941176 0.010101010101010102
0 0.18218954248366012 0.9482323232323232 0.017973856209150325 0.012626262626262626
0 0.5408496732026143 0.8945707070707071 0.016339869281045753 0.011363636363636364
0 0.5441176470588235 0.9122474747474747 0.02287581699346405 0.011363636363636364
0 0.6021241830065359 0.9299242424242424 0.017973856209150325 0.013888888888888888
1 0.8398692810457516 0.9318181818181818 0.1437908496732026 0.015151515151515152
3 0.3374183006535948 0.8093434343434344 0.39705882352941174 0.015151515151515152
1 0.5800653594771242 0.8093434343434344 0.08169934640522876 0.020202020202020204
1 0.34558823529411764 0.2935606060606061 0.29901960784313725 0.01893939393939394
1 0.17320261437908496 0.32386363636363635 0.13071895424836602 0.023989898989898988
1 0.4395424836601307 0.3592171717171717 0.23529411764705882 0.026515151515151516
2 0.39133986928104575 0.5681818181818182 0.5898692810457516 0.2474747474747475
3 0.49673202614379086 0.8686868686868687 0.8856209150326797 0.03282828282828283
3 0.2916666666666667 0.8945707070707071 0.19117647058823528 0.016414141414141416
3 0.3431372549019608 0.9109848484848485 0.2973856209150327 0.016414141414141416
3 0.30718954248366015 0.92739898989899 0.2222222222222222 0.016414141414141416
3 0.24019607843137256 0.9444444444444444 0.0915032679738562 0.020202020202020204
3 0.6748366013071896 0.8945707070707071 0.238562091503268 0.016414141414141416
3 0.7009803921568627 0.9116161616161617 0.28431372549019607 0.015151515151515152
3 0.6919934640522876 0.92739898989899 0.14869281045751634 0.021464646464646464