3 0.6968954248366013 0.047979797979797977 0.380718954248366 0.03787878787878788
3 0.13071895424836602 0.09722222222222222 0.09803921568627451 0.015151515151515152
3 0.48856209150326796 0.1571969696969697 0.803921568627451 0.07196969696969698
3 0.4714052287581699 0.2222222222222222 0.7761437908496732 0.03282828282828283
3 0.48366013071895425 0.2657828282828283 0.7973856209150327 0.03409090909090909
3 0.48447712418300654 0.32386363636363635 0.795751633986928 0.06186868686868687
3 0.3014705882352941 0.37563131313131315 0.44281045751633985 0.02904040404040404
1 0.6184640522875817 0.37752525252525254 0.184640522875817 0.027777777777777776
3 0.19607843137254902 0.42234848484848486 0.24183006535947713 0.021464646464646464
3 0.48366013071895425 0.4678030303030303 0.8006535947712419 0.04924242424242424
3 0.5016339869281046 0.5473484848484849 0.2973856209150327 0.01893939393939394
3 0.47058823529411764 0.7196969696969697 0.5882352941176471 0.025252525252525252
3 0.16339869281045752 0.7537878787878788 0.17320261437908496 0.020202020202020204
3 0.48856209150326796 0.8068181818181818 0.8169934640522876 0.06818181818181818
3 0.37663398692810457 0.8838383838383839 0.6094771241830066 0.05303030303030303
2 0.505718954248366 0.6363636363636364 0.553921568627451 0.14646464646464646