3 0.6993464052287581 0.047979797979797977 0.38235294117647056 0.04040404040404041
3 0.5 0.13005050505050506 0.4738562091503268 0.047979797979797977
3 0.48366013071895425 0.22601010101010102 0.8169934640522876 0.09343434343434344
1 0.6086601307189542 0.3547979797979798 0.15849673202614378 0.017676767676767676
3 0.23774509803921567 0.29103535353535354 0.31862745098039214 0.01893939393939394
3 0.4869281045751634 0.32891414141414144 0.7450980392156863 0.03156565656565657
3 0.3194444444444444 0.35353535353535354 0.41013071895424835 0.015151515151515152
3 0.7810457516339869 0.35164141414141414 0.16993464052287582 0.013888888888888888
3 0.2181372549019608 0.3661616161616162 0.20098039215686275 0.012626262626262626
3 0.4199346405228758 0.3952020202020202 0.6045751633986928 0.020202020202020204
3 0.27450980392156865 0.43686868686868685 0.3954248366013072 0.017676767676767676
3 0.4877450980392157 0.47474747474747475 0.7565359477124183 0.03535353535353535
3 0.5024509803921569 0.5252525252525253 0.3709150326797386 0.020202020202020204
2 0.5032679738562091 0.678030303030303 0.7352941176470589 0.26515151515151514