3 0.4869281045751634 0.06944444444444445 0.8660130718954249 0.047979797979797977
3 0.8194444444444444 0.23926767676767677 0.07352941176470588 0.023989898989898988
1 0.9019607843137255 0.24179292929292928 0.08496732026143791 0.02904040404040404
3 0.17973856209150327 0.2702020202020202 0.27124183006535946 0.030303030303030304
3 0.1437908496732026 0.3244949494949495 0.17320261437908496 0.03282828282828283
3 0.5073529411764706 0.4286616161616162 0.9133986928104575 0.125
3 0.35866013071895425 0.5321969696969697 0.6062091503267973 0.02904040404040404
3 0.4485294117647059 0.696969696969697 0.795751633986928 0.022727272727272728
3 0.2973856209150327 0.7537878787878788 0.5032679738562091 0.04292929292929293
3 0.5 0.8327020202020202 0.8986928104575164 0.09722222222222222
3 0.1977124183006536 0.9431818181818182 0.28431372549019607 0.022727272727272728
2 0.4959150326797386 0.6180555555555556 0.7761437908496732 0.13762626262626262