3 0.14215686274509803 0.06376262626262626 0.11764705882352941 0.07449494949494949
3 0.5416666666666666 0.16477272727272727 0.7401960784313726 0.054292929292929296
2 0.5130718954248366 0.31123737373737376 0.803921568627451 0.21338383838383837
2 0.39869281045751637 0.663510101010101 0.6503267973856209 0.16035353535353536
3 0.4125816993464052 0.43434343434343436 0.5931372549019608 0.03535353535353535
3 0.5073529411764706 0.5580808080808081 0.7892156862745098 0.05303030303030303
3 0.30637254901960786 0.8529040404040404 0.3872549019607843 0.01893939393939394
3 0.26552287581699346 0.8888888888888888 0.36764705882352944 0.03535353535353535
3 0.7189542483660131 0.8882575757575758 0.38235294117647056 0.036616161616161616
3 0.1707516339869281 0.9375 0.15522875816993464 0.041666666666666664
3 0.6274509803921569 0.9381313131313131 0.15359477124183007 0.04292929292929293