2 0.5375816993464052 0.2904040404040404 0.8529411764705882 0.3888888888888889
1 0.4910130718954248 0.51010101010101 0.05065359477124183 0.020202020202020204
1 0.7491830065359477 0.61489898989899 0.1781045751633987 0.022727272727272728
3 0.7132352941176471 0.49558080808080807 0.25 0.01893939393939394
3 0.5408496732026143 0.5075757575757576 0.029411764705882353 0.020202020202020204
3 0.28921568627450983 0.5404040404040404 0.34967320261437906 0.017676767676767676
3 0.5065359477124183 0.577020202020202 0.7810457516339869 0.030303030303030304
3 0.1977124183006536 0.6123737373737373 0.08496732026143791 0.017676767676767676
3 0.6160130718954249 0.6123737373737373 0.08169934640522876 0.020202020202020204
3 0.5285947712418301 0.6622474747474747 0.7205882352941176 0.036616161616161616
3 0.5245098039215687 0.7064393939393939 0.7124183006535948 0.03409090909090909
3 0.5490196078431373 0.7777777777777778 0.6797385620915033 0.09343434343434344
3 0.548202614379085 0.8522727272727273 0.6813725490196079 0.03787878787878788
3 0.5024509803921569 0.8901515151515151 0.5964052287581699 0.027777777777777776