2 0.5408496732026143 0.25 0.9183006535947712 0.33080808080808083
1 0.16094771241830066 0.4318181818181818 0.04084967320261438 0.017676767676767676
1 0.2818627450980392 0.46464646464646464 0.03431372549019608 0.020202020202020204
3 0.7565359477124183 0.4356060606060606 0.16013071895424835 0.04292929292929293
3 0.36519607843137253 0.45075757575757575 0.4395424836601307 0.020202020202020204
3 0.16911764705882354 0.461489898989899 0.11601307189542484 0.021464646464646464
3 0.3243464052287582 0.46275252525252525 0.027777777777777776 0.016414141414141416
2 0.5081699346405228 0.5328282828282829 0.7777777777777778 0.10353535353535354
3 0.25326797385620914 0.625 0.28104575163398693 0.017676767676767676
3 0.47467320261437906 0.6660353535353535 0.7238562091503268 0.036616161616161616
1 0.7205882352941176 0.7001262626262627 0.17973856209150327 0.01893939393939394
3 0.5849673202614379 0.6982323232323232 0.08496732026143791 0.020202020202020204
3 0.5490196078431373 0.8143939393939394 0.6470588235294118 0.1994949494949495