3 0.47063758389261745 0.10866983372921615 0.45805369127516776 0.032066508313539195
3 0.5914429530201343 0.14014251781472684 0.10234899328859061 0.019002375296912115
3 0.7139261744966443 0.13954869358669833 0.018456375838926176 0.015439429928741092
3 0.7751677852348994 0.14133016627078385 0.020134228187919462 0.019002375296912115
3 0.8355704697986577 0.14073634204275534 0.020134228187919462 0.017814726840855107
3 0.17533557046979867 0.16152019002375298 0.06208053691275168 0.0166270783847981
3 0.3347315436241611 0.16152019002375298 0.05536912751677853 0.0166270783847981
3 0.40687919463087246 0.16033254156769597 0.03523489932885906 0.0166270783847981
3 0.4672818791946309 0.16152019002375298 0.03523489932885906 0.014251781472684086
3 0.5805369127516778 0.16211401425178149 0.12416107382550336 0.017814726840855107
3 0.7156040268456376 0.16211401425178149 0.018456375838926176 0.017814726840855107
3 0.7768456375838926 0.16270783847980996 0.016778523489932886 0.0166270783847981
3 0.8389261744966443 0.16211401425178149 0.020134228187919462 0.015439429928741092
3 0.19043624161073824 0.1834916864608076 0.08221476510067115 0.020190023752969122
3 0.48322147651006714 0.1823040380047506 0.09731543624161074 0.020190023752969122
3 0.6845637583892618 0.1834916864608076 0.09731543624161074 0.015439429928741092
3 0.17701342281879195 0.20308788598574823 0.06208053691275168 0.0166270783847981
3 0.6610738255033557 0.20368171021377673 0.05704697986577181 0.017814726840855107
3 0.18959731543624161 0.22565320665083136 0.08053691275167785 0.019002375296912115
3 0.30033557046979864 0.22505938242280285 0.016778523489932886 0.017814726840855107
3 0.3615771812080537 0.22505938242280285 0.015100671140939598 0.020190023752969122
3 0.5461409395973155 0.22624703087885986 0.26677852348993286 0.020190023752969122
3 0.19379194630872484 0.24762470308788598 0.09563758389261745 0.017814726840855107
3 0.19546979865771813 0.2826603325415677 0.09228187919463088 0.0166270783847981
3 0.30453020134228187 0.3188836104513064 0.32046979865771813 0.017814726840855107
3 0.6526845637583892 0.3188836104513064 0.0738255033557047 0.017814726840855107
3 0.18791946308724833 0.33966745843230406 0.07718120805369127 0.0166270783847981
3 0.4203020134228188 0.33966745843230406 0.07550335570469799 0.019002375296912115
3 0.6518456375838926 0.34026128266033256 0.07885906040268456 0.017814726840855107
3 0.23154362416107382 0.36104513064133015 0.15436241610738255 0.019002375296912115
3 0.19798657718120805 0.3824228028503563 0.09731543624161074 0.0166270783847981
3 0.5687919463087249 0.3818289786223278 0.14093959731543623 0.020190023752969122
3 0.44211409395973156 0.3824228028503563 0.018456375838926176 0.0166270783847981
3 0.3808724832214765 0.3830166270783848 0.02348993288590604 0.017814726840855107
3 0.32046979865771813 0.3812351543942993 0.016778523489932886 0.014251781472684086
3 0.3221476510067114 0.40380047505938244 0.020134228187919462 0.0166270783847981
3 0.3800335570469799 0.40380047505938244 0.018456375838926176 0.0166270783847981
3 0.4429530201342282 0.40439429928741094 0.020134228187919462 0.017814726840855107
3 0.5604026845637584 0.40617577197149646 0.174496644295302 0.021377672209026127
3 0.19798657718120805 0.40320665083135393 0.09731543624161074 0.017814726840855107
3 0.19714765100671142 0.4245843230403801 0.09563758389261745 0.017814726840855107
3 0.24412751677852348 0.44596199524940616 0.17281879194630873 0.020190023752969122
3 0.21728187919463088 0.4679334916864608 0.14597315436241612 0.0166270783847981
3 0.3624161073825503 0.4679334916864608 0.016778523489932886 0.0166270783847981
3 0.42197986577181207 0.4691211401425178 0.018456375838926176 0.019002375296912115
3 0.48322147651006714 0.4691211401425178 0.020134228187919462 0.0166270783847981
3 0.5805369127516778 0.4679334916864608 0.1342281879194631 0.0166270783847981
3 0.6350671140939598 0.48931116389548696 0.09228187919463088 0.0166270783847981
3 0.25671140939597314 0.48931116389548696 0.21476510067114093 0.0166270783847981
3 0.18288590604026847 0.5225653206650831 0.05704697986577181 0.0166270783847981
3 0.5637583892617449 0.8776722090261283 0.08053691275167785 0.0166270783847981
3 0.2197986577181208 0.8764845605700713 0.13087248322147652 0.0166270783847981
3 0.17953020134228187 0.8438242280285035 0.053691275167785234 0.022565320665083134
3 0.19966442953020133 0.8070071258907363 0.09060402684563758 0.017814726840855107
3 0.200503355704698 0.7719714964370546 0.09228187919463088 0.014251781472684086
3 0.40436241610738255 0.7375296912114014 0.06040268456375839 0.0166270783847981
3 0.4052013422818792 0.7185273159144893 0.06208053691275168 0.014251781472684086
3 0.40687919463087246 0.7019002375296912 0.06543624161073826 0.0166270783847981
3 0.40604026845637586 0.6834916864608076 0.06375838926174497 0.017814726840855107
3 0.48070469798657717 0.6823040380047506 0.0587248322147651 0.015439429928741092
3 0.4815436241610738 0.7007125890736342 0.053691275167785234 0.014251781472684086
3 0.2575503355704698 0.5409738717339667 0.16610738255033558 0.015439429928741092
3 0.43708053691275167 0.5415676959619953 0.10570469798657718 0.014251781472684086
3 0.19798657718120805 0.5587885985748219 0.05704697986577181 0.013064133016627079
3 0.3053691275167785 0.5593824228028503 0.09731543624161074 0.014251781472684086
3 0.40687919463087246 0.5587885985748219 0.0587248322147651 0.015439429928741092
3 0.4848993288590604 0.5581947743467933 0.053691275167785234 0.019002375296912115
3 0.6963087248322147 0.5581947743467933 0.11073825503355705 0.019002375296912115
3 0.8154362416107382 0.5581947743467933 0.030201342281879196 0.019002375296912115
3 0.8154362416107382 0.5938242280285035 0.030201342281879196 0.019002375296912115
3 0.697986577181208 0.5938242280285035 0.11073825503355705 0.019002375296912115
3 0.48573825503355705 0.5938242280285035 0.05536912751677853 0.019002375296912115
3 0.4337248322147651 0.5766033254156769 0.09899328859060402 0.017814726840855107
3 0.2558724832214765 0.5748218527315915 0.16275167785234898 0.014251781472684086
3 0.19798657718120805 0.5926365795724465 0.06375838926174497 0.014251781472684086
3 0.3053691275167785 0.5944180522565321 0.09731543624161074 0.017814726840855107
3 0.40604026845637586 0.5938242280285035 0.05704697986577181 0.0166270783847981
3 0.43456375838926176 0.6122327790973872 0.10067114093959731 0.013064133016627079
3 0.25671140939597314 0.6116389548693587 0.1610738255033557 0.0166270783847981
3 0.200503355704698 0.6294536817102138 0.06208053691275168 0.0166270783847981
3 0.21895973154362416 0.6472684085510689 0.09899328859060402 0.014251781472684086
3 0.3062080536912752 0.6288598574821853 0.09563758389261745 0.015439429928741092
3 0.40604026845637586 0.6300475059382423 0.053691275167785234 0.015439429928741092
3 0.48573825503355705 0.6300475059382423 0.06208053691275168 0.015439429928741092
3 0.5679530201342282 0.6312351543942993 0.05536912751677853 0.017814726840855107
0 0.3766778523489933 0.16152019002375298 0.018456375838926176 0.019002375296912115
0 0.436241610738255 0.15914489311163896 0.020134228187919462 0.019002375296912115
0 0.16359060402684564 0.5403800475059383 0.02181208053691275 0.014251781472684086
0 0.1644295302013423 0.5748218527315915 0.020134228187919462 0.014251781472684086
0 0.16359060402684564 0.6110451306413301 0.02181208053691275 0.017814726840855107
0 0.16359060402684564 0.6633016627078385 0.02181208053691275 0.017814726840855107
0 0.313758389261745 0.6644893111638955 0.02348993288590604 0.015439429928741092
0 0.46560402684563756 0.665083135391924 0.025167785234899327 0.0166270783847981
0 0.6359060402684564 0.665083135391924 0.020134228187919462 0.0166270783847981
0 0.16359060402684564 0.6828978622327792 0.018456375838926176 0.014251781472684086
0 0.1644295302013423 0.7007125890736342 0.020134228187919462 0.014251781472684086
0 0.16275167785234898 0.7179334916864608 0.020134228187919462 0.013064133016627079
0 0.16275167785234898 0.7351543942992874 0.020134228187919462 0.014251781472684086
3 0.22902684563758388 0.663895486935867 0.10906040268456375 0.019002375296912115
3 0.24664429530201343 0.6828978622327792 0.14429530201342283 0.014251781472684086
3 0.24664429530201343 0.7007125890736342 0.14429530201342283 0.014251781472684086
3 0.24748322147651006 0.7179334916864608 0.14597315436241612 0.015439429928741092
3 0.24664429530201343 0.7357482185273159 0.14429530201342283 0.017814726840855107
1 0.2575503355704698 0.16092636579572447 0.09899328859060402 0.017814726840855107
1 0.674496644295302 0.13895486935866982 0.05704697986577181 0.0166270783847981
1 0.7441275167785235 0.13836104513064132 0.03859060402684564 0.015439429928741092
1 0.8036912751677853 0.13895486935866982 0.040268456375838924 0.019002375296912115
1 0.8062080536912751 0.16092636579572447 0.04194630872483222 0.017814726840855107
1 0.7449664429530202 0.15973871733966746 0.040268456375838924 0.020190023752969122
1 0.6761744966442953 0.16092636579572447 0.05704697986577181 0.017814726840855107
1 0.5830536912751678 0.1834916864608076 0.09563758389261745 0.020190023752969122
1 0.7894295302013423 0.1846793349168646 0.11241610738255034 0.017814726840855107
1 0.3313758389261745 0.1823040380047506 0.19966442953020133 0.017814726840855107
1 0.41946308724832215 0.20368171021377673 0.41946308724832215 0.020190023752969122
0 0.24412751677852348 0.5570071258907363 0.025167785234899327 0.0166270783847981
0 0.3649328859060403 0.5581947743467933 0.02181208053691275 0.014251781472684086
0 0.4446308724832215 0.5581947743467933 0.020134228187919462 0.014251781472684086
0 0.24412751677852348 0.5938242280285035 0.02181208053691275 0.0166270783847981
0 0.3640939597315436 0.5938242280285035 0.02348993288590604 0.0166270783847981
0 0.44546979865771813 0.5938242280285035 0.018456375838926176 0.0166270783847981
0 0.24412751677852348 0.6300475059382423 0.02181208053691275 0.013064133016627079
0 0.3649328859060403 0.6300475059382423 0.02181208053691275 0.015439429928741092
0 0.4446308724832215 0.6294536817102138 0.020134228187919462 0.0166270783847981
0 0.5276845637583892 0.6300475059382423 0.02181208053691275 0.017814726840855107
1 0.5092281879194631 0.16033254156769597 0.02181208053691275 0.0166270783847981
1 0.7709731543624161 0.20546318289786222 0.15604026845637584 0.019002375296912115
1 0.2609060402684564 0.22684085510688837 0.05536912751677853 0.0166270783847981
1 0.33221476510067116 0.22505938242280285 0.040268456375838924 0.015439429928741092
1 0.39177852348993286 0.22684085510688837 0.04194630872483222 0.021377672209026127
1 0.5486577181208053 0.24821852731591448 0.6073825503355704 0.019002375296912115
1 0.5478187919463087 0.2838479809976247 0.6090604026845637 0.021377672209026127
1 0.5159395973154363 0.3176959619952494 0.09899328859060402 0.017814726840855107
1 0.589765100671141 0.3188836104513064 0.04530201342281879 0.02494061757719715
1 0.7458053691275168 0.3171021377672209 0.09899328859060402 0.014251781472684086
1 0.8221476510067114 0.3182897862232779 0.053691275167785234 0.019002375296912115
1 0.7424496644295302 0.33966745843230406 0.10234899328859061 0.0166270783847981
1 0.8196308724832215 0.3414489311163896 0.05201342281879195 0.017814726840855107
1 0.5109060402684564 0.34085510688836107 0.10234899328859061 0.019002375296912115
1 0.5855704697986577 0.3414489311163896 0.04697986577181208 0.017814726840855107
1 0.2802013422818792 0.33966745843230406 0.10067114093959731 0.0166270783847981
1 0.3573825503355705 0.3414489311163896 0.050335570469798654 0.015439429928741092
1 0.28104026845637586 0.3824228028503563 0.0587248322147651 0.0166270783847981
1 0.3498322147651007 0.3812351543942993 0.03859060402684564 0.014251781472684086
1 0.41191275167785235 0.3812351543942993 0.03859060402684564 0.019002375296912115
1 0.7458053691275168 0.3812351543942993 0.20302013422818793 0.021377672209026127
1 0.7432885906040269 0.40439429928741094 0.18456375838926176 0.020190023752969122
1 0.41191275167785235 0.40320665083135393 0.03859060402684564 0.017814726840855107
1 0.35067114093959734 0.40320665083135393 0.040268456375838924 0.017814726840855107
1 0.28104026845637586 0.4026128266033254 0.06208053691275168 0.0166270783847981
1 0.33305369127516776 0.42577197149643703 0.16610738255033558 0.020190023752969122
1 0.3213087248322148 0.4679334916864608 0.0587248322147651 0.0166270783847981
1 0.3901006711409396 0.4673396674584323 0.03859060402684564 0.017814726840855107
1 0.45302013422818793 0.4673396674584323 0.0436241610738255 0.017814726840855107
1 0.7449664429530202 0.4685273159144893 0.1912751677852349 0.017814726840855107
1 0.4697986577181208 0.48931116389548696 0.2080536912751678 0.0166270783847981
1 0.7684563758389261 0.48990498812351546 0.16778523489932887 0.020190023752969122
1 0.3649328859060403 0.5397862232779097 0.04194630872483222 0.013064133016627079
1 0.3649328859060403 0.5760095011876485 0.04194630872483222 0.0166270783847981
1 0.5771812080536913 0.5593824228028503 0.12080536912751678 0.019002375296912115
1 0.7776845637583892 0.5581947743467933 0.04530201342281879 0.0166270783847981
1 0.7760067114093959 0.5932304038004751 0.04194630872483222 0.020190023752969122
1 0.5771812080536913 0.5961995249406176 0.12080536912751678 0.021377672209026127
1 0.36325503355704697 0.6098574821852731 0.04530201342281879 0.013064133016627079
1 0.6577181208053692 0.6306413301662708 0.12080536912751678 0.021377672209026127
1 0.2936241610738255 0.6460807600950119 0.040268456375838924 0.014251781472684086
3 0.33221476510067116 0.6478622327790974 0.030201342281879196 0.013064133016627079
1 0.3447986577181208 0.6823040380047506 0.04530201342281879 0.017814726840855107
1 0.34312080536912754 0.7007125890736342 0.04530201342281879 0.0166270783847981
1 0.34395973154362414 0.7185273159144893 0.04697986577181208 0.0166270783847981
1 0.3447986577181208 0.7387173396674585 0.04865771812080537 0.019002375296912115
1 0.589765100671141 0.6846793349168646 0.1493288590604027 0.015439429928741092
1 0.5914429530201343 0.7036817102137767 0.15604026845637584 0.017814726840855107
1 0.5369127516778524 0.7737529691211401 0.5671140939597316 0.017814726840855107
1 0.5369127516778524 0.8070071258907363 0.5671140939597316 0.017814726840855107
1 0.5167785234899329 0.8438242280285035 0.6073825503355704 0.020190023752969122
1 0.7332214765100671 0.8770783847980997 0.2483221476510067 0.022565320665083134
1 0.38422818791946306 0.8747030878859857 0.20134228187919462 0.020190023752969122