3 0.4597315436241611 0.09085510688836104 0.40604026845637586 0.027315914489311165
3 0.17030201342281878 0.11045130641330166 0.08221476510067115 0.019002375296912115
3 0.3011744966442953 0.11223277909738717 0.10906040268456375 0.015439429928741092
3 0.4463087248322148 0.11342042755344418 0.1174496644295302 0.015439429928741092
3 0.6073825503355704 0.11282660332541568 0.14429530201342283 0.0166270783847981
3 0.7986577181208053 0.11223277909738717 0.14429530201342283 0.017814726840855107
0 0.11828859060402684 0.11104513064133016 0.02181208053691275 0.017814726840855107
0 0.23070469798657717 0.11045130641330166 0.018456375838926176 0.014251781472684086
0 0.3766778523489933 0.11223277909738717 0.02181208053691275 0.015439429928741092
0 0.5251677852348994 0.11223277909738717 0.02348993288590604 0.013064133016627079
2 0.5100671140939598 0.5106888361045131 0.8087248322147651 0.7790973871733967
3 0.20973154362416108 0.9073634204275535 0.19463087248322147 0.0166270783847981
1 0.35570469798657717 0.9097387173396675 0.09731543624161074 0.0166270783847981