3 0.5016778523489933 0.09916864608076009 0.5536912751677853 0.022565320665083134
3 0.19043624161073824 0.13182897862232779 0.08221476510067115 0.019002375296912115
3 0.3028523489932886 0.13182897862232779 0.018456375838926176 0.0166270783847981
3 0.3624161073825503 0.13182897862232779 0.016778523489932886 0.0166270783847981
3 0.4211409395973154 0.13182897862232779 0.020134228187919462 0.0166270783847981
3 0.6023489932885906 0.13123515439429928 0.08053691275167785 0.017814726840855107
3 0.7156040268456376 0.13123515439429928 0.015100671140939598 0.015439429928741092
3 0.7751677852348994 0.13182897862232779 0.020134228187919462 0.0166270783847981
3 0.8380872483221476 0.13064133016627077 0.02181208053691275 0.014251781472684086
1 0.26174496644295303 0.13123515439429928 0.06040268456375839 0.017814726840855107
1 0.33221476510067116 0.13064133016627077 0.0436241610738255 0.019002375296912115
1 0.3926174496644295 0.12885985748218529 0.04697986577181208 0.022565320665083134
1 0.674496644295302 0.12945368171021376 0.06040268456375839 0.023752969121140142
1 0.7458053691275168 0.13004750593824227 0.04194630872483222 0.020190023752969122
1 0.8062080536912751 0.13064133016627077 0.04194630872483222 0.019002375296912115
2 0.5 0.5071258907363421 0.738255033557047 0.7315914489311164
3 0.23238255033557048 0.8818289786223278 0.16946308724832215 0.015439429928741092
3 0.572986577181208 0.8818289786223278 0.09228187919463088 0.015439429928741092
3 0.5973154362416108 0.9038004750593824 0.13087248322147652 0.0166270783847981
1 0.7550335570469798 0.9032066508313539 0.17785234899328858 0.022565320665083134
3 0.22818791946308725 0.9038004750593824 0.1644295302013423 0.0166270783847981
1 0.4152684563758389 0.9049881235154394 0.20973154362416108 0.023752969121140142