3 0.23825503355704697 0.0671021377672209 0.3053691275167785 0.055819477434679333
3 0.46057046979865773 0.10807600950118765 0.6057046979865772 0.026128266033254157
3 0.5125838926174496 0.15380047505938244 0.8439597315436241 0.048693586698337295
3 0.5092281879194631 0.22327790973871733 0.8406040268456376 0.08076009501187649
3 0.5134228187919463 0.32244655581947745 0.8489932885906041 0.10807600950118765
3 0.5083892617449665 0.40973871733966744 0.8456375838926175 0.052256532066508314
3 0.7575503355704698 0.45427553444180524 0.34731543624161076 0.029691211401425176
3 0.3179530201342282 0.48752969121140144 0.4446308724832215 0.02494061757719715
3 0.11996644295302013 0.6247030878859857 0.05536912751677853 0.011876484560570071
3 0.5335570469798657 0.6567695961995249 0.7919463087248322 0.04275534441805225
2 0.5293624161073825 0.5611638954869359 0.8708053691275168 0.11757719714964371