3 0.5151006711409396 0.05760095011876484 0.610738255033557 0.03681710213776722
3 0.5134228187919463 0.5510688836104513 0.8489932885906041 0.0665083135391924
3 0.511744966442953 0.6092636579572447 0.8523489932885906 0.04513064133016627
3 0.5184563758389261 0.666270783847981 0.8590604026845637 0.06413301662707839
3 0.514261744966443 0.7238717339667459 0.8573825503355704 0.04631828978622328
3 0.5167785234899329 0.7749406175771971 0.8523489932885906 0.0510688836104513
3 0.5083892617449665 0.8165083135391924 0.8456375838926175 0.032066508313539195
3 0.5134228187919463 0.8497624703087886 0.8456375838926175 0.032066508313539195
3 0.5134228187919463 0.8978622327790974 0.8557046979865772 0.0665083135391924
3 0.5159395973154363 0.9489311163895487 0.860738255033557 0.035629453681710214
3 0.39932885906040266 0.505938242280285 0.12080536912751678 0.0166270783847981
3 0.2483221476510067 0.08432304038004751 0.3422818791946309 0.0166270783847981
3 0.46812080536912754 0.08432304038004751 0.030201342281879196 0.0166270783847981
3 0.5209731543624161 0.08491686460807601 0.031879194630872486 0.015439429928741092
3 0.7483221476510067 0.08491686460807601 0.38926174496644295 0.015439429928741092
3 0.287751677852349 0.10391923990498812 0.42449664429530204 0.015439429928741092
3 0.5360738255033557 0.10391923990498812 0.028523489932885907 0.013064133016627079
3 0.587248322147651 0.10510688836104513 0.030201342281879196 0.017814726840855107
3 0.7785234899328859 0.10451306413301663 0.3221476510067114 0.014251781472684086
3 0.3699664429530201 0.12173396674584323 0.031879194630872486 0.015439429928741092
3 0.1476510067114094 0.14073634204275534 0.09395973154362416 0.015439429928741092
3 0.16191275167785235 0.15973871733966746 0.12583892617449666 0.017814726840855107
3 0.1610738255033557 0.17992874109263657 0.1476510067114094 0.017814726840855107
3 0.48406040268456374 0.12292161520190023 0.09563758389261745 0.017814726840855107
3 0.8145973154362416 0.12292161520190023 0.21644295302013422 0.022565320665083134
3 0.7927852348993288 0.14133016627078385 0.23993288590604026 0.019002375296912115
3 0.4983221476510067 0.16033254156769597 0.08389261744966443 0.019002375296912115
3 0.514261744966443 0.17814726840855108 0.16610738255033558 0.0166270783847981
3 0.7894295302013423 0.17814726840855108 0.04530201342281879 0.019002375296912115
3 0.4983221476510067 0.1995249406175772 0.1040268456375839 0.019002375296912115
3 0.5176174496644296 0.21912114014251782 0.14261744966442952 0.015439429928741092
3 0.5016778523489933 0.23693586698337293 0.12080536912751678 0.017814726840855107
3 0.610738255033557 0.23693586698337293 0.020134228187919462 0.015439429928741092
3 0.6593959731543624 0.23693586698337293 0.02348993288590604 0.017814726840855107
3 0.7080536912751678 0.23693586698337293 0.020134228187919462 0.015439429928741092
3 0.5285234899328859 0.25534441805225655 0.1644295302013423 0.0166270783847981
3 0.7164429530201343 0.2838479809976247 0.20469798657718122 0.023752969121140142
3 0.2256711409395973 0.2832541567695962 0.26677852348993286 0.022565320665083134
3 0.1610738255033557 0.31057007125890734 0.15100671140939598 0.022565320665083134
3 0.39848993288590606 0.3087885985748218 0.04530201342281879 0.026128266033254157
3 0.23993288590604026 0.34560570071258906 0.3087248322147651 0.035629453681710214
3 0.47315436241610737 0.34560570071258906 0.11409395973154363 0.021377672209026127
3 0.20134228187919462 0.41983372921615203 0.2214765100671141 0.015439429928741092
3 0.5050335570469798 0.4340855106888361 0.6879194630872483 0.017814726840855107
0 0.4429530201342282 0.08491686460807601 0.02348993288590604 0.013064133016627079
0 0.49328859060402686 0.08610451306413301 0.016778523489932886 0.017814726840855107
0 0.5109060402684564 0.10391923990498812 0.018456375838926176 0.015439429928741092
0 0.5620805369127517 0.10451306413301663 0.020134228187919462 0.0166270783847981
1 0.2726510067114094 0.12173396674584323 0.1593959731543624 0.020190023752969122
1 0.6191275167785235 0.12410926365795724 0.17114093959731544 0.015439429928741092
1 0.5939597315436241 0.14192399049881235 0.15100671140939598 0.017814726840855107
1 0.2902684563758389 0.13954869358669833 0.1912751677852349 0.020190023752969122
1 0.32298657718120805 0.16033254156769597 0.18959731543624161 0.019002375296912115
1 0.3296979865771812 0.17992874109263657 0.18959731543624161 0.017814726840855107
1 0.7038590604026845 0.16033254156769597 0.33053691275167785 0.019002375296912115
1 0.6812080536912751 0.18111638954869358 0.16778523489932887 0.017814726840855107
1 0.7567114093959731 0.19774346793349168 0.4161073825503356 0.022565320665083134
1 0.709731543624161 0.2173396674584323 0.24161073825503357 0.021377672209026127
1 0.7046979865771812 0.25771971496437057 0.174496644295302 0.019002375296912115
1 0.45050335570469796 0.2838479809976247 0.16610738255033558 0.021377672209026127
1 0.48825503355704697 0.30997624703087884 0.12416107382550336 0.021377672209026127
1 0.3104026845637584 0.31116389548693585 0.1342281879194631 0.021377672209026127
2 0.3875838926174497 0.3859857482185273 0.5939597315436241 0.047505938242280284
2 0.511744966442953 0.4679334916864608 0.8489932885906041 0.0498812351543943
3 0.6795302013422819 0.5065320665083135 0.07718120805369127 0.013064133016627079
3 0.7567114093959731 0.5083135391923991 0.02348993288590604 0.014251781472684086
3 0.8070469798657718 0.5089073634204275 0.016778523489932886 0.015439429928741092
3 0.8557046979865772 0.5077197149643705 0.020134228187919462 0.015439429928741092