3 0.514261744966443 0.4827790973871734 0.8406040268456376 0.06532066508313539
3 0.5151006711409396 0.5409738717339667 0.8456375838926175 0.04631828978622328
3 0.5167785234899329 0.5920427553444181 0.8523489932885906 0.048693586698337295
3 0.5125838926174496 0.6336104513064132 0.8473154362416108 0.032066508313539195
3 0.5050335570469798 0.6739904988123515 0.8523489932885906 0.048693586698337295
3 0.5067114093959731 0.7167458432304038 0.8489932885906041 0.032066508313539195
3 0.514261744966443 0.7505938242280285 0.8573825503355704 0.0332541567695962
3 0.5109060402684564 0.7998812351543944 0.8506711409395973 0.06532066508313539
3 0.5109060402684564 0.8509501187648456 0.8506711409395973 0.03681710213776722
3 0.4001677852348993 0.44002375296912116 0.12248322147651007 0.020190023752969122
3 0.6786912751677853 0.4418052256532066 0.07550335570469799 0.019002375296912115
3 0.7575503355704698 0.4418052256532066 0.02181208053691275 0.019002375296912115
3 0.8087248322147651 0.44239904988123513 0.02348993288590604 0.015439429928741092
3 0.8615771812080537 0.44299287410926363 0.025167785234899327 0.014251781472684086
3 0.5033557046979866 0.05760095011876484 0.587248322147651 0.04156769596199525
3 0.25 0.0855106888361045 0.3422818791946309 0.019002375296912115
3 0.46895973154362414 0.08491686460807601 0.03523489932885906 0.017814726840855107
3 0.5218120805369127 0.08610451306413301 0.03355704697986577 0.017814726840855107
3 0.4697986577181208 0.10570071258907364 0.03355704697986577 0.019002375296912115
3 0.5192953020134228 0.10570071258907364 0.03523489932885906 0.0166270783847981
3 0.7508389261744967 0.08669833729216152 0.3976510067114094 0.014251781472684086
3 0.7130872483221476 0.10451306413301663 0.3288590604026846 0.019002375296912115
3 0.2483221476510067 0.10510688836104513 0.3389261744966443 0.015439429928741092
3 0.3724832214765101 0.12232779097387174 0.0436241610738255 0.0166270783847981
3 0.1535234899328859 0.14133016627078385 0.08221476510067115 0.014251781472684086
3 0.1686241610738255 0.16211401425178149 0.12583892617449666 0.017814726840855107
3 0.16359060402684564 0.18052256532066507 0.14261744966442952 0.014251781472684086
3 0.25 0.20724465558194774 0.2684563758389262 0.015439429928741092
3 0.7399328859060402 0.20902612826603326 0.20469798657718122 0.019002375296912115
3 0.735738255033557 0.12410926365795724 0.2197986577181208 0.017814726840855107
3 0.7197986577181208 0.14311163895486936 0.2348993288590604 0.015439429928741092
3 0.47567114093959734 0.16092636579572447 0.04865771812080537 0.015439429928741092
3 0.3062080536912752 0.2339667458432304 0.1493288590604027 0.019002375296912115
3 0.5436241610738255 0.2339667458432304 0.0436241610738255 0.021377672209026127
3 0.24328859060402686 0.2678147268408551 0.3053691275167785 0.0344418052256532
3 0.47315436241610737 0.2678147268408551 0.10738255033557047 0.017814726840855107
3 0.200503355704698 0.3509501187648456 0.22986577181208054 0.013064133016627079
3 0.5067114093959731 0.3675771971496437 0.6879194630872483 0.017814726840855107
0 0.44211409395973156 0.08432304038004751 0.02181208053691275 0.014251781472684086
0 0.4949664429530201 0.08432304038004751 0.016778523489932886 0.021377672209026127
0 0.4429530201342282 0.10451306413301663 0.016778523489932886 0.0166270783847981
0 0.4949664429530201 0.10510688836104513 0.016778523489932886 0.017814726840855107
1 0.5411073825503355 0.12648456057007126 0.17281879194630873 0.013064133016627079
1 0.5251677852348994 0.14311163895486936 0.15100671140939598 0.015439429928741092
1 0.665268456375839 0.16092636579572447 0.337248322147651 0.020190023752969122
1 0.4748322147651007 0.20665083135391923 0.16778523489932887 0.019002375296912115
1 0.2726510067114094 0.12410926365795724 0.15604026845637584 0.017814726840855107
1 0.28942953020134227 0.14073634204275534 0.18959731543624161 0.015439429928741092
1 0.32298657718120805 0.15914489311163896 0.18959731543624161 0.019002375296912115
1 0.3296979865771812 0.17874109263657958 0.1929530201342282 0.020190023752969122
1 0.4546979865771812 0.2327790973871734 0.1342281879194631 0.021377672209026127
1 0.6317114093959731 0.23574821852731592 0.12583892617449666 0.020190023752969122
2 0.38926174496644295 0.31057007125890734 0.5939597315436241 0.048693586698337295
2 0.5125838926174496 0.4014251781472684 0.8439597315436241 0.0498812351543943