3 0.47090261282660334 0.0796979865771812 0.331353919239905 0.07550335570469799
3 0.3188836104513064 0.910234899328859 0.5522565320665083 0.0587248322147651
3 0.8533254156769596 0.9018456375838926 0.2173396674584323 0.03523489932885906
3 0.07957244655581948 0.09899328859060402 0.07363420427553444 0.020134228187919462
3 0.13836104513064132 0.09815436241610738 0.00831353919239905 0.025167785234899327
3 0.1656769596199525 0.09815436241610738 0.00831353919239905 0.028523489932885907
3 0.19536817102137768 0.09983221476510067 0.013064133016627079 0.028523489932885907
3 0.22505938242280285 0.09899328859060402 0.013064133016627079 0.026845637583892617
3 0.25356294536817103 0.09899328859060402 0.013064133016627079 0.026845637583892617
3 0.2820665083135392 0.09815436241610738 0.013064133016627079 0.025167785234899327
2 0.8105700712589073 0.09395973154362416 0.3028503562945368 0.13087248322147652
2 0.17220902612826602 0.13590604026845637 0.2660332541567696 0.040268456375838924
2 0.5029691211401425 0.5201342281879194 0.9346793349168646 0.7281879194630873