3 0.07660332541567696 0.028523489932885907 0.060570071258907364 0.020134228187919462
3 0.27078384798099764 0.04865771812080537 0.44655581947743467 0.02348993288590604
3 0.27315914489311166 0.08053691275167785 0.4513064133016627 0.040268456375838924
3 0.27019002375296913 0.13171140939597314 0.4477434679334917 0.06208053691275168
3 0.2695961995249406 0.1820469798657718 0.4489311163895487 0.03859060402684564
3 0.14667458432304037 0.21308724832214765 0.20546318289786222 0.016778523489932886
2 0.25415676959619954 0.26174496644295303 0.41092636579572445 0.07718120805369127
2 0.2678147268408551 0.49580536912751677 0.4358669833729216 0.15268456375838926
2 0.27315914489311166 0.7760067114093959 0.42755344418052255 0.32046979865771813
3 0.27137767220902614 0.3313758389261745 0.4501187648456057 0.06208053691275168
3 0.25653206650831356 0.3901006711409396 0.42042755344418054 0.05536912751677853
3 0.22980997624703087 0.5855704697986577 0.36223277909738716 0.020134228187919462
3 0.27315914489311166 0.6090604026845637 0.20665083135391923 0.020134228187919462
3 0.026128266033254157 0.45553691275167785 0.019002375296912115 0.2063758389261745
3 0.5635391923990499 0.20553691275167785 0.07244655581947744 0.025167785234899327
3 0.5635391923990499 0.2407718120805369 0.07482185273159145 0.025167785234899327
3 0.5635391923990499 0.2726510067114094 0.07482185273159145 0.025167785234899327
3 0.5748218527315915 0.3087248322147651 0.10451306413301663 0.026845637583892617
3 0.7143705463182898 0.6015100671140939 0.20308788598574823 0.028523489932885907
3 0.9079572446555819 0.5998322147651006 0.06769596199524941 0.04530201342281879
3 0.8954869358669834 0.10822147651006711 0.052256532066508314 0.08557046979865772
1 0.6104513064133017 0.16191275167785235 0.166270783847981 0.05201342281879195
1 0.6799287410926366 0.49161073825503354 0.167458432304038 0.05704697986577181