3 0.4960701330108827 0.13958956819153484 0.34522370012091896 0.04061564771269773
3 0.786577992744861 0.05814450619923044 0.16807738814993953 0.02821718683197948
3 0.49727932285368803 0.2171868319794784 0.7285368802902056 0.05814450619923044
3 0.4930471584038694 0.2853783668234288 0.33313180169286577 0.03890551517742625
3 0.49425634824667475 0.3980333475844378 0.7430471584038694 0.1453612654980761
3 0.2717654171704958 0.49401453612654983 0.2714631197097944 0.036340316374519024
3 0.2980652962515115 0.5758871312526721 0.33615477629987905 0.03933304831124412
3 0.29474002418379686 0.6613937580162462 0.3464328899637243 0.033347584437793926
3 0.49425634824667475 0.7556648140230868 0.34522370012091896 0.03463018383924754
3 0.26360338573155984 0.8114578879863189 0.26964933494558646 0.03163745190252244
3 0.2672309552599758 0.8943993159469859 0.27448609431680776 0.03847798204360838