3 0.2717654171704958 0.06070970500213767 0.27388149939540507 0.02479692176143651
3 0.49365175332527206 0.12590850790936298 0.2968561064087062 0.036340316374519024
3 0.499093107617896 0.2092774690038478 0.722490931076179 0.05771697306541257
3 0.4900241837968561 0.274903805044891 0.37424425634824665 0.03847798204360838
3 0.187726723095526 0.3433091064557503 0.12394195888754535 0.027362120564343735
3 0.21735187424425634 0.4277469003847798 0.16505441354292624 0.026934587430525864
3 0.33222490931076176 0.513253527148354 0.3984280532043531 0.031209918768704575
3 0.4951632406287787 0.6077383497221035 0.34099153567110035 0.04061564771269773
3 0.5033252720677146 0.6889696451474989 0.7370012091898428 0.05344164172723386
3 0.23941958887545345 0.7454040188114579 0.20314389359129384 0.036340316374519024
3 0.2391172914147521 0.8292005130397606 0.21221281741233375 0.031209918768704575