3 0.49727932285368803 0.13852073535699017 0.42140266021765416 0.0470286447199658
3 0.4996977025392987 0.24283882000855067 0.7237001209189843 0.11372381359555365
3 0.49032648125755746 0.3430953398888414 0.4836759371221282 0.03548525010688328
3 0.4951632406287787 0.4251817015818726 0.4498186215235792 0.030354852501068834
3 0.4909310761789601 0.4799059427105601 0.3615477629987908 0.031209918768704575
3 0.4951632406287787 0.5376229157759727 0.3313180169286578 0.030354852501068834
3 0.4915356711003628 0.5908507909362976 0.27448609431680776 0.032492518170158184
3 0.49667472793228534 0.6487815305686191 0.41777509068923824 0.031209918768704575
3 0.4900241837968561 0.7015818725951262 0.28597339782345826 0.032492518170158184
3 0.4900241837968561 0.7563061137238136 0.3476420798065296 0.027362120564343735
3 0.49818621523579204 0.8125267208208636 0.37605804111245467 0.026934587430525864
3 0.49455864570737607 0.8666096622488243 0.23337363966142685 0.02907225309961522