3 0.49425634824667475 0.08037622915775973 0.7756952841596131 0.10004275331338179
3 0.6324062877871826 0.13830696879008123 0.4703748488512696 0.01581872595126122
3 0.4126360338573156 0.1549807610089782 0.6293833131801693 0.017528858486532708
3 0.3542926239419589 0.17635741769987173 0.5187424425634825 0.016673792218896963
3 0.38694074969770254 0.20735356990166737 0.5634824667472793 0.03847798204360838
3 0.24153567110036275 0.24647285164600258 0.2762998790810157 0.031209918768704575
2 0.528415961305925 0.39589568191534846 0.713422007255139 0.2659256092347157
3 0.48125755743651755 0.5711842667806755 0.7605804111245466 0.0367678495083369
3 0.48941958887545345 0.6194955109020949 0.7769044740024184 0.05643437366395896
3 0.4797460701330109 0.6846943138093202 0.7611850060459492 0.06797776827704147
3 0.4879081015719468 0.8035485250106883 0.777509068923821 0.16802052159042324
3 0.4900241837968561 0.9176998717400598 0.7781136638452237 0.0542967079948696