3 0.5202539298669892 0.12334330910645575 0.7152357920193471 0.10645575032064986
1 0.6185006045949214 0.24625908507909364 0.1354292623941959 0.03933304831124412
3 0.34552599758162034 0.24326635314236852 0.40084643288996374 0.033347584437793926
3 0.7714631197097944 0.24219752030782385 0.17412333736396615 0.04147071398033347
3 0.502720677146312 0.36105173150919195 0.8567110036275696 0.07738349722103463
3 0.5120918984280532 0.4563916203505772 0.8282950423216445 0.06968790081231295
3 0.5003022974607013 0.529927319367251 0.6342200725513906 0.03976058144506199
3 0.3041112454655381 0.5882855921333904 0.16203143893591293 0.04360837964942283
1 0.5662031438935913 0.5889268918341172 0.3464328899637243 0.04489097905087644
1 0.5607617896009673 0.6440786660966225 0.3512696493349456 0.04660111158614793
1 0.5547158403869408 0.702009405728944 0.34522370012091896 0.04788371098760154
1 0.5607617896009673 0.7567336468576314 0.3270858524788392 0.04446344591705857
1 0.5616686819830713 0.8176571184266781 0.32889963724304716 0.04147071398033347
3 0.30652962515114873 0.7571611799914494 0.1608222490931076 0.04360837964942283
3 0.30652962515114873 0.8170158187259513 0.16928657799274485 0.04275331338178709
3 0.49758162031438935 0.8860624198375374 0.8403869407496977 0.05087644292432664
3 0.10006045949214026 0.038691748610517315 0.04897218863361548 0.020949123557075674