3 0.29243266353142366 0.12515114873035066 0.38991021804189824 0.03385731559854897
1 0.56626763574177 0.12484885126964934 0.1483539974348012 0.047762998790810154
3 0.7323642582300128 0.12243047158403869 0.15220179563916203 0.03688029020556227
3 0.870671227020094 0.12998790810157196 0.0645575032064985 0.037484885126964934
3 0.12633604104318086 0.17503022974607013 0.10303548525010689 0.03204353083434099
1 0.5194527575887131 0.17623941958887546 0.6729371526293287 0.0380894800483676
1 0.5348439504061565 0.22551390568319227 0.2026507054296708 0.04353083434099154
1 0.7560923471569047 0.22551390568319227 0.23386062419837536 0.049576783555018135
0 0.21333903377511756 0.22007255139056833 0.030782385634886705 0.037484885126964934
0 0.33326207781103034 0.2249093107617896 0.021804189824711415 0.03385731559854897
3 0.2699871740059855 0.22249093107617895 0.08251389482684908 0.03506650544135429
3 0.3877725523728089 0.22642079806529625 0.08123129542539546 0.04171704957678356
3 0.13488670371953826 0.22339782345828296 0.10816588285592134 0.03688029020556227
2 0.506412997007268 0.4703748488512696 0.8879863189397178 0.3954050785973398
3 0.2911500641299701 0.7212817412333736 0.4591705857203933 0.11003627569528417
3 0.702009405728944 0.7917170495767836 0.09918768704574604 0.062273276904474005
3 0.6327490380504489 0.8651753325272068 0.20778110303548525 0.032648125755743655