3 0.4921402660217654 0.10410431808465156 0.6916565900846433 0.055151774262505344
3 0.5003022974607013 0.16823428815733218 0.4419588875453446 0.07310816588285592
3 0.5556227327690447 0.2868747327917914 0.5235792019347038 0.06241983753740915
3 0.5151148730350665 0.3559213339033775 0.7871825876662636 0.06883283454467722
3 0.5033252720677146 0.5113296280461735 0.30652962515114873 0.08978195810175288
3 0.44226118500604594 0.7629328772979906 0.5798065296251511 0.036340316374519024
3 0.45435308343409914 0.807823856348867 0.1444981862152358 0.027789653698161606
3 0.08524788391777509 0.10752458315519453 0.08948004836759371 0.02522445489525438
3 0.907496977025393 0.10709705002137666 0.07376058041112454 0.026079521162890123
3 0.5444377267230955 0.04831124412141941 0.08282950423216445 0.023086789226165028
3 0.1738210399032648 0.2858058999572467 0.07557436517533253 0.020949123557075674
3 0.842503022974607 0.7986318939717828 0.0912938331318017 0.02821718683197948
3 0.5208585247883918 0.8751603249251817 0.0501813784764208 0.05814450619923044