3 0.501813784764208 0.10602821718683197 0.8911729141475212 0.08208636169303121
3 0.5063482466747279 0.17849508336896108 0.13603385731559856 0.060282171868319794
3 0.49818621523579204 0.31701581872595125 0.8307134220072552 0.15433946130825138
3 0.20405078597339782 0.44655835827276613 0.16505441354292624 0.037195382642154766
3 0.20344619105199516 0.5773834972210347 0.15779927448609432 0.03206498503634032
3 0.20314389359129384 0.6233433091064557 0.16928657799274485 0.032492518170158184
3 0.5006045949214026 0.7244548952543822 0.5574365175332527 0.08849935870029928
1 0.531136638452237 0.44142796066695167 0.48065296251511486 0.050021376656690895
1 0.532043530834341 0.4903805044890979 0.4703748488512696 0.03933304831124412
1 0.5314389359129383 0.5363403163745191 0.46916565900846435 0.03548525010688328
1 0.527509068923821 0.5780247969217615 0.46735187424425634 0.033347584437793926
1 0.5305320435308344 0.6222744762719111 0.47339782345828296 0.04489097905087644