3 0.49033232628398793 0.08315519452757589 0.654380664652568 0.07994869602394186
3 0.49244712990936557 0.16481402308678922 0.12809667673716013 0.0542967079948696
3 0.49123867069486404 0.2932877297990594 0.8181268882175227 0.1248396750748183
3 0.20604229607250754 0.46536981616075246 0.15347432024169183 0.02522445489525438
3 0.20453172205438067 0.5878580589995724 0.15045317220543808 0.029927319367250963
3 0.20876132930513594 0.6504916631038905 0.1564954682779456 0.030354852501068834
1 0.5277945619335347 0.46130825138948267 0.4791540785498489 0.033347584437793926
1 0.5277945619335347 0.49764856776400174 0.4670694864048338 0.027362120564343735
1 0.5302114803625377 0.5371953826421547 0.4719033232628399 0.029499786233433092
1 0.5323262839879154 0.5820863616930312 0.49425981873111785 0.03976058144506199
1 0.5308157099697886 0.6451474989311672 0.4670694864048338 0.04446344591705857
3 0.5006042296072507 0.8215049166310389 0.6157099697885197 0.1013253527148354