3 0.50251677852349 0.060498220640569395 0.2231543624161074 0.03795966785290629
3 0.12164429530201343 0.10972716488730723 0.18959731543624161 0.027283511269276393
3 0.34815436241610737 0.14827995255041518 0.5184563758389261 0.042704626334519574
3 0.3498322147651007 0.19395017793594305 0.5184563758389261 0.03914590747330961
3 0.3498322147651007 0.24199288256227758 0.5218120805369127 0.0498220640569395
3 0.25083892617449666 0.28410438908659547 0.4412751677852349 0.022538552787663108
3 0.3104026845637584 0.48576512455516013 0.5671140939597316 0.020166073546856466
3 0.3422818791946309 0.6631079478054567 0.6140939597315436 0.0166073546856465
2 0.4974832214765101 0.3837485172004745 0.8305369127516778 0.1767497034400949
2 0.4949664429530201 0.5593119810201661 0.8288590604026845 0.1221826809015421
2 0.5008389261744967 0.8102016607354685 0.8305369127516778 0.27283511269276395