3 0.4983221476510067 0.05819477434679335 0.6812080536912751 0.030878859857482184
3 0.4966442953020134 0.08847980997624703 0.3087248322147651 0.029691211401425176
3 0.48825503355704697 0.13123515439429928 0.8758389261744967 0.039192399049881234
3 0.6593959731543624 0.15855106888361045 0.09060402684563758 0.017814726840855107
3 0.7760067114093959 0.15855106888361045 0.03523489932885906 0.015439429928741092
3 0.8640939597315436 0.15973871733966746 0.030201342281879196 0.017814726840855107
3 0.9538590604026845 0.16092636579572447 0.031879194630872486 0.017814726840855107
2 0.5 0.3652019002375297 0.9295302013422819 0.3978622327790974
3 0.0964765100671141 0.5736342042755345 0.08221476510067115 0.019002375296912115
3 0.4966442953020134 0.6181710213776722 0.8825503355704698 0.06294536817102138
3 0.4924496644295302 0.6870546318289786 0.8909395973154363 0.05819477434679335
2 0.4966442953020134 0.8283847980997625 0.8926174496644296 0.22446555819477435