3 0.50251677852349 0.05522565320665083 0.18288590604026847 0.032066508313539195
3 0.5058724832214765 0.09857482185273159 0.3036912751677852 0.0332541567695962
3 0.1552013422818792 0.9216152019002375 0.16610738255033558 0.019002375296912115
3 0.39681208053691275 0.918646080760095 0.028523489932885907 0.020190023752969122
3 0.5721476510067114 0.918646080760095 0.026845637583892617 0.020190023752969122
3 0.7441275167785235 0.918646080760095 0.031879194630872486 0.020190023752969122
3 0.20553691275167785 0.9447743467933492 0.07885906040268456 0.020190023752969122
3 0.4052013422818792 0.9412114014251781 0.0587248322147651 0.020190023752969122
3 0.5704697986577181 0.9418052256532067 0.030201342281879196 0.021377672209026127
3 0.7483221476510067 0.9423990498812351 0.040268456375838924 0.020190023752969122
3 0.10738255033557047 0.1342042755344418 0.1040268456375839 0.014251781472684086
3 0.438758389261745 0.13539192399049882 0.24664429530201343 0.026128266033254157
3 0.8422818791946308 0.1342042755344418 0.1342281879194631 0.030878859857482184
3 0.11073825503355705 0.1656769596199525 0.1174496644295302 0.022565320665083134
3 0.1401006711409396 0.2007125890736342 0.16946308724832215 0.023752969121140142
3 0.46057046979865773 0.19833729216152018 0.15604026845637584 0.026128266033254157
3 0.8355704697986577 0.1989311163895487 0.23154362416107382 0.029691211401425176
3 0.30956375838926176 0.2333729216152019 0.5151006711409396 0.02494061757719715
3 0.31543624161073824 0.2666270783847981 0.11073825503355705 0.017814726840855107
3 0.11073825503355705 0.29275534441805223 0.08053691275167785 0.017814726840855107
3 0.15604026845637584 0.32660332541567694 0.21140939597315436 0.023752969121140142
3 0.20721476510067113 0.3681710213776722 0.08221476510067115 0.023752969121140142
3 0.06795302013422819 0.39489311163895485 0.04194630872483222 0.022565320665083134
3 0.32550335570469796 0.42992874109263657 0.5503355704697986 0.030878859857482184
3 0.2575503355704698 0.4649643705463183 0.19630872483221476 0.020190023752969122
3 0.27181208053691275 0.501187648456057 0.1342281879194631 0.0332541567695962
3 0.7726510067114094 0.503562945368171 0.37080536912751677 0.0332541567695962
3 0.2986577181208054 0.5368171021377672 0.16778523489932887 0.026128266033254157
3 0.348993288590604 0.5730403800475059 0.2684563758389262 0.027315914489311165
3 0.33053691275167785 0.6098574821852731 0.2348993288590604 0.027315914489311165
3 0.35318791946308725 0.6460807600950119 0.2802013422818792 0.023752969121140142
3 0.3296979865771812 0.6775534441805225 0.24664429530201343 0.02494061757719715
3 0.3640939597315436 0.7167458432304038 0.3959731543624161 0.022565320665083134
3 0.39681208053691275 0.75 0.47818791946308725 0.020190023752969122
3 0.665268456375839 0.7880047505938242 0.14261744966442952 0.02494061757719715
3 0.2634228187919463 0.7874109263657957 0.1174496644295302 0.021377672209026127
3 0.33305369127516776 0.8230403800475059 0.25671140939597314 0.023752969121140142
3 0.34563758389261745 0.8586698337292161 0.28187919463087246 0.026128266033254157
3 0.33808724832214765 0.8948931116389549 0.24328859060402686 0.02494061757719715
1 0.23825503355704697 0.13657957244655583 0.14429530201342283 0.035629453681710214
1 0.6610738255033557 0.13598574821852732 0.18791946308724833 0.02494061757719715
1 0.9345637583892618 0.1330166270783848 0.0436241610738255 0.030878859857482184
1 0.30788590604026844 0.2001187648456057 0.1493288590604027 0.032066508313539195
1 0.6283557046979866 0.1989311163895487 0.16946308724832215 0.032066508313539195
1 0.4639261744966443 0.5017814726840855 0.24328859060402686 0.03681710213776722
1 0.5721476510067114 0.5380047505938242 0.3624161073825503 0.030878859857482184
1 0.6677852348993288 0.5748218527315915 0.35570469798657717 0.030878859857482184
1 0.6015100671140939 0.6098574821852731 0.3036912751677852 0.027315914489311165
1 0.6619127516778524 0.6454869358669834 0.3238255033557047 0.027315914489311165
1 0.62248322147651 0.6805225653206651 0.3221476510067114 0.028503562945368172
1 0.45721476510067116 0.7868171021377672 0.2600671140939597 0.029691211401425176
1 0.6216442953020134 0.8242280285035629 0.3070469798657718 0.026128266033254157
1 0.6577181208053692 0.8580760095011877 0.32550335570469796 0.029691211401425176
1 0.6266778523489933 0.8931116389548693 0.32046979865771813 0.030878859857482184