3 0.49580536912751677 0.0671021377672209 0.7130872483221476 0.02494061757719715
3 0.5016778523489933 0.10451306413301663 0.3926174496644295 0.0498812351543943
3 0.6535234899328859 0.14489311163895488 0.4513422818791946 0.023752969121140142
3 0.1417785234899329 0.17220902612826602 0.06208053691275168 0.023752969121140142
3 0.3859060402684564 0.20486935866983372 0.4899328859060403 0.022565320665083134
3 0.8380872483221476 0.20486935866983372 0.08892617449664429 0.022565320665083134
3 0.6921140939597316 0.20486935866983372 0.02181208053691275 0.022565320665083134
3 0.4211409395973154 0.22921615201900236 0.5469798657718121 0.026128266033254157
3 0.17281879194630873 0.28028503562945367 0.12080536912751678 0.021377672209026127
3 0.23238255033557048 0.31235154394299286 0.24328859060402686 0.021377672209026127
3 0.40939597315436244 0.3343230403800475 0.5234899328859061 0.022565320665083134
3 0.17701342281879195 0.815914489311164 0.12583892617449666 0.023752969121140142
3 0.2634228187919463 0.8467933491686461 0.30201342281879195 0.019002375296912115
3 0.37919463087248323 0.8681710213776722 0.46308724832214765 0.023752969121140142
3 0.7885906040268457 0.8693586698337292 0.18456375838926176 0.0166270783847981
3 0.4588926174496644 0.8901425178147269 0.6258389261744967 0.017814726840855107
3 0.8145973154362416 0.8901425178147269 0.03523489932885906 0.013064133016627079
3 0.3523489932885906 0.7856294536817102 0.47315436241610737 0.020190023752969122
3 0.3850671140939597 0.7304038004750594 0.5553691275167785 0.04275534441805225
3 0.2978187919463087 0.5926365795724465 0.3674496644295302 0.0166270783847981
3 0.5167785234899329 0.6241092636579573 0.738255033557047 0.039192399049881234
3 0.34815436241610737 0.5368171021377672 0.46812080536912754 0.04513064133016627
3 0.17701342281879195 0.44061757719714967 0.13926174496644295 0.019002375296912115
3 0.1568791946308725 0.6549881235154394 0.018456375838926176 0.013064133016627079
3 0.2911073825503356 0.6549881235154394 0.08221476510067115 0.022565320665083134
3 0.6359060402684564 0.6555819477434679 0.40268456375838924 0.021377672209026127
3 0.29949664429530204 0.6757719714964371 0.11577181208053691 0.019002375296912115
3 0.39177852348993286 0.46199524940617576 0.3573825503355705 0.021377672209026127
3 0.6535234899328859 0.46258907363420426 0.06208053691275168 0.017814726840855107
3 0.6526845637583892 0.4833729216152019 0.06040268456375839 0.021377672209026127
3 0.4823825503355705 0.4833729216152019 0.1761744966442953 0.021377672209026127
3 0.23741610738255034 0.4833729216152019 0.18288590604026847 0.021377672209026127
3 0.19043624161073824 0.35570071258907365 0.08892617449664429 0.017814726840855107
3 0.41191275167785235 0.35451306413301664 0.2835570469798658 0.017814726840855107
3 0.6241610738255033 0.35629453681710216 0.020134228187919462 0.0166270783847981
3 0.7810402684563759 0.35570071258907365 0.20302013422818793 0.022565320665083134
3 0.27936241610738255 0.37826603325415675 0.2634228187919463 0.015439429928741092
3 0.46140939597315433 0.37648456057007124 0.020134228187919462 0.019002375296912115
3 0.6963087248322147 0.37767220902612825 0.3624161073825503 0.021377672209026127
3 0.24664429530201343 0.3978622327790974 0.20134228187919462 0.019002375296912115
1 0.6593959731543624 0.20665083135391923 0.040268456375838924 0.0166270783847981
1 0.74748322147651 0.20724465558194774 0.08557046979865772 0.022565320665083134
1 0.2516778523489933 0.35570071258907365 0.040268456375838924 0.022565320665083134
1 0.5880872483221476 0.35629453681710216 0.05201342281879195 0.0166270783847981
1 0.6552013422818792 0.35629453681710216 0.03859060402684564 0.019002375296912115
1 0.4312080536912752 0.37707838479809974 0.03691275167785235 0.017814726840855107
1 0.4899328859060403 0.37589073634204273 0.0436241610738255 0.022565320665083134
1 0.17869127516778524 0.46258907363420426 0.06208053691275168 0.020190023752969122
1 0.5973154362416108 0.46080760095011875 0.04697986577181208 0.023752969121140142
1 0.5973154362416108 0.4839667458432304 0.04697986577181208 0.020190023752969122
1 0.36325503355704697 0.4851543942992874 0.0587248322147651 0.020190023752969122
1 0.6535234899328859 0.8687648456057007 0.08221476510067115 0.022565320665083134
1 0.7843959731543624 0.8907363420427553 0.02181208053691275 0.023752969121140142
1 0.200503355704698 0.6781472684085511 0.08557046979865772 0.0166270783847981
1 0.5151006711409396 0.6775534441805225 0.30201342281879195 0.020190023752969122
1 0.38171140939597314 0.6549881235154394 0.09228187919463088 0.020190023752969122
1 0.20973154362416108 0.6555819477434679 0.08053691275167785 0.019002375296912115