3 0.47063758389261745 0.07482185273159145 0.7063758389261745 0.028503562945368172
3 0.5050335570469798 0.11045130641330166 0.4899328859060403 0.023752969121140142
3 0.4983221476510067 0.1377672209026128 0.3859060402684564 0.023752969121140142
3 0.2936241610738255 0.18942992874109263 0.35906040268456374 0.02494061757719715
3 0.22231543624161074 0.2209026128266033 0.12919463087248323 0.023752969121140142
3 0.19798657718120805 0.24109263657957244 0.087248322147651 0.019002375296912115
3 0.18875838926174496 0.26306413301662707 0.07550335570469799 0.020190023752969122
3 0.2701342281879195 0.2642517814726841 0.026845637583892617 0.020190023752969122
3 0.32046979865771813 0.2642517814726841 0.020134228187919462 0.020190023752969122
3 0.3716442953020134 0.2648456057007126 0.02181208053691275 0.021377672209026127
3 0.1912751677852349 0.28681710213776723 0.06375838926174497 0.017814726840855107
3 0.18875838926174496 0.30760095011876487 0.06879194630872483 0.019002375296912115
3 0.20469798657718122 0.32957244655581946 0.10067114093959731 0.020190023752969122
3 0.20302013422818793 0.3818289786223278 0.174496644295302 0.020190023752969122
3 0.2080536912751678 0.4144893111638955 0.1040268456375839 0.019002375296912115
3 0.22986577181208054 0.4352731591448931 0.14093959731543623 0.017814726840855107
3 0.38926174496644295 0.4340855106888361 0.08053691275167785 0.017814726840855107
3 0.22902684563758388 0.45605700712589076 0.14261744966442952 0.019002375296912115
3 0.35822147651006714 0.4578384798099763 0.018456375838926176 0.020190023752969122
3 0.4236577181208054 0.45665083135391926 0.018456375838926176 0.020190023752969122
3 0.28942953020134227 0.47921615201900236 0.2600671140939597 0.022565320665083134
3 0.4890939597315436 0.47743467933491684 0.018456375838926176 0.021377672209026127
3 0.5629194630872483 0.47802850356294535 0.03859060402684564 0.020190023752969122
3 0.636744966442953 0.47743467933491684 0.018456375838926176 0.019002375296912115
3 0.7676174496644296 0.47802850356294535 0.16610738255033558 0.020190023752969122
3 0.4890939597315436 0.501187648456057 0.015100671140939598 0.019002375296912115
3 0.5654362416107382 0.5029691211401425 0.03691275167785235 0.022565320665083134
3 0.6384228187919463 0.5029691211401425 0.018456375838926176 0.022565320665083134
3 0.7021812080536913 0.5029691211401425 0.03859060402684564 0.022565320665083134
3 0.75251677852349 0.5029691211401425 0.018456375838926176 0.022565320665083134
3 0.8531879194630873 0.502375296912114 0.04530201342281879 0.021377672209026127
3 0.19630872483221476 0.5528503562945368 0.1644295302013423 0.022565320665083134
3 0.29446308724832215 0.5855106888361045 0.32046979865771813 0.021377672209026127
3 0.3540268456375839 0.6282660332541568 0.3926174496644295 0.05938242280285035
3 0.18036912751677853 0.6704275534441805 0.05536912751677853 0.015439429928741092
3 0.311241610738255 0.668646080760095 0.0587248322147651 0.0166270783847981
3 0.311241610738255 0.6912114014251781 0.24328859060402686 0.014251781472684086
3 0.2156040268456376 0.7119952494061758 0.06543624161073826 0.017814726840855107
3 0.4312080536912752 0.7143705463182898 0.21140939597315436 0.02494061757719715
3 0.5167785234899329 0.7903800475059383 0.7181208053691275 0.07244655581947744
3 0.19379194630872484 0.8539192399049881 0.13926174496644295 0.019002375296912115
3 0.39093959731543626 0.8776722090261283 0.4697986577181208 0.0166270783847981
3 0.7676174496644296 0.8758907363420427 0.2197986577181208 0.022565320665083134
3 0.4395973154362416 0.899643705463183 0.5738255033557047 0.020190023752969122
3 0.7768456375838926 0.899643705463183 0.040268456375838924 0.015439429928741092
1 0.5453020134228188 0.413895486935867 0.5604026845637584 0.020190023752969122
1 0.3271812080536913 0.4340855106888361 0.040268456375838924 0.022565320665083134
1 0.3263422818791946 0.45724465558194777 0.04194630872483222 0.021377672209026127
1 0.3901006711409396 0.45605700712589076 0.03523489932885906 0.023752969121140142
1 0.45050335570469796 0.4809976247030879 0.04865771812080537 0.014251781472684086
1 0.4488255033557047 0.501187648456057 0.05536912751677853 0.019002375296912115
1 0.5201342281879194 0.47862232779097386 0.03691275167785235 0.021377672209026127
1 0.5192953020134228 0.503562945368171 0.04194630872483222 0.0166270783847981
1 0.6015100671140939 0.47862232779097386 0.03523489932885906 0.023752969121140142
1 0.6065436241610739 0.505938242280285 0.03523489932885906 0.019002375296912115
1 0.6661073825503355 0.47624703087885983 0.030201342281879196 0.026128266033254157
1 0.6635906040268457 0.5041567695961995 0.02181208053691275 0.017814726840855107
1 0.7315436241610739 0.501187648456057 0.016778523489932886 0.023752969121140142
1 0.7944630872483222 0.502375296912114 0.06543624161073826 0.026128266033254157
1 0.24328859060402686 0.672209026128266 0.06711409395973154 0.019002375296912115
1 0.28439597315436244 0.7143705463182898 0.06543624161073826 0.02494061757719715
1 0.6426174496644296 0.8747030878859857 0.026845637583892617 0.02494061757719715