1 0.7743288590604027 0.1514251781472684 0.11912751677852348 0.02494061757719715
1 0.2634228187919463 0.1508313539192399 0.016778523489932886 0.021377672209026127
1 0.17533557046979867 0.1502375296912114 0.031879194630872486 0.020190023752969122
1 0.17953020134228187 0.43824228028503565 0.05704697986577181 0.021377672209026127
1 0.5956375838926175 0.6739904988123515 0.0738255033557047 0.027315914489311165
3 0.19463087248322147 0.08432304038004751 0.14093959731543623 0.021377672209026127
3 0.3808724832214765 0.11757719714964371 0.4429530201342282 0.019002375296912115
3 0.22063758389261745 0.1508313539192399 0.0587248322147651 0.0166270783847981
3 0.49328859060402686 0.1514251781472684 0.436241610738255 0.020190023752969122
3 0.860738255033557 0.1496437054631829 0.0436241610738255 0.021377672209026127
3 0.22986577181208054 0.171021377672209 0.13758389261744966 0.0166270783847981
3 0.4983221476510067 0.20308788598574823 0.6778523489932886 0.021377672209026127
3 0.4966442953020134 0.23574821852731592 0.6778523489932886 0.020190023752969122
3 0.23657718120805368 0.2589073634204275 0.22483221476510068 0.021377672209026127
3 0.5176174496644296 0.30997624703087884 0.7265100671140939 0.0665083135391924
3 0.3640939597315436 0.3836104513064133 0.49328859060402686 0.021377672209026127
3 0.5067114093959731 0.4168646080760095 0.714765100671141 0.021377672209026127
3 0.3221476510067114 0.43705463182897863 0.2214765100671141 0.0166270783847981
3 0.4286912751677852 0.46021377672209024 0.5788590604026845 0.020190023752969122
3 0.5151006711409396 0.5819477434679335 0.33221476510067116 0.023752969121140142
3 0.27936241610738255 0.6241092636579573 0.24328859060402686 0.020190023752969122
3 0.32298657718120805 0.6751781472684085 0.34395973154362414 0.020190023752969122
3 0.7541946308724832 0.6728028503562945 0.22986577181208054 0.022565320665083134
3 0.6837248322147651 0.7351543942992874 0.28691275167785235 0.030878859857482184
3 0.5763422818791947 0.7921615201900237 0.06208053691275168 0.019002375296912115
3 0.1325503355704698 0.7013064133016627 0.026845637583892617 0.017814726840855107
3 0.2902684563758389 0.7327790973871734 0.28187919463087246 0.023752969121140142
3 0.18540268456375839 0.7915676959619953 0.07885906040268456 0.029691211401425176