3 0.4974832214765101 0.045724465558194774 0.8674496644295302 0.05819477434679335
3 0.4538590604026846 0.6585510688836105 0.7768456375838926 0.03681710213776722
3 0.4823825503355705 0.7125890736342043 0.8271812080536913 0.047505938242280284
3 0.48573825503355705 0.7690023752969121 0.837248322147651 0.055819477434679333
3 0.4949664429530201 0.8557007125890737 0.8489932885906041 0.09619952494061758
3 0.24328859060402686 0.1163895486935867 0.2785234899328859 0.019002375296912115
3 0.35318791946308725 0.13954869358669833 0.32046979865771813 0.022565320665083134
3 0.21895973154362416 0.4334916864608076 0.2802013422818792 0.021377672209026127
3 0.20553691275167785 0.4673396674584323 0.19966442953020133 0.02494061757719715
3 0.3959731543624161 0.5041567695961995 0.5738255033557047 0.022565320665083134
3 0.5486577181208053 0.5671021377672208 0.13087248322147652 0.02494061757719715
3 0.6040268456375839 0.6033254156769596 0.2516778523489933 0.021377672209026127
3 0.14345637583892618 0.5671021377672208 0.14597315436241612 0.029691211401425176
3 0.21895973154362416 0.6021377672209026 0.2835570469798658 0.021377672209026127
3 0.40268456375838924 0.16330166270783847 0.3724832214765101 0.017814726840855107
3 0.6812080536912751 0.16270783847980996 0.08053691275167785 0.019002375296912115
3 0.28942953020134227 0.1846793349168646 0.2197986577181208 0.017814726840855107
3 0.49077181208053694 0.1834916864608076 0.07885906040268456 0.020190023752969122
3 0.44966442953020136 0.20486935866983372 0.5503355704697986 0.015439429928741092
3 0.8313758389261745 0.2042755344418052 0.11912751677852348 0.021377672209026127
3 0.4354026845637584 0.22327790973871733 0.5184563758389261 0.0166270783847981
3 0.787751677852349 0.22268408551068883 0.07885906040268456 0.015439429928741092
3 0.26929530201342283 0.24346793349168647 0.10234899328859061 0.0166270783847981
3 0.3901006711409396 0.2755344418052256 0.39429530201342283 0.0166270783847981
3 0.13926174496644295 0.3176959619952494 0.07046979865771812 0.015439429928741092
3 0.2348993288590604 0.3182897862232779 0.020134228187919462 0.021377672209026127
3 0.30201342281879195 0.3171021377672209 0.016778523489932886 0.019002375296912115
3 0.6031879194630873 0.3182897862232779 0.4748322147651007 0.0166270783847981
3 0.3733221476510067 0.34323040380047504 0.0587248322147651 0.019002375296912115
3 0.21476510067114093 0.342042755344418 0.04697986577181208 0.0166270783847981
3 0.39177852348993286 0.36995249406175773 0.46140939597315433 0.013064133016627079
3 0.8196308724832215 0.3681710213776722 0.2197986577181208 0.0166270783847981
3 0.40268456375838924 0.3859857482185273 0.5 0.014251781472684086
0 0.17197986577181207 0.14133016627078385 0.028523489932885907 0.021377672209026127
0 0.200503355704698 0.16389548693586697 0.02181208053691275 0.0166270783847981
0 0.19966442953020133 0.24228028503562946 0.026845637583892617 0.019002375296912115
0 0.17197986577181207 0.2749406175771972 0.028523489932885907 0.020190023752969122
0 0.17197986577181207 0.3414489311163896 0.028523489932885907 0.017814726840855107
0 0.3221476510067114 0.34323040380047504 0.026845637583892617 0.019002375296912115
0 0.08389261744966443 0.4679334916864608 0.030201342281879196 0.021377672209026127
0 0.08389261744966443 0.503562945368171 0.026845637583892617 0.028503562945368172
1 0.6149328859060402 0.16508313539192399 0.04530201342281879 0.0166270783847981
1 0.42449664429530204 0.1846793349168646 0.0436241610738255 0.017814726840855107
1 0.74748322147651 0.20546318289786222 0.03523489932885906 0.0166270783847981
1 0.7231543624161074 0.22565320665083136 0.050335570469798654 0.0166270783847981
1 0.19966442953020133 0.32066508313539194 0.040268456375838924 0.0166270783847981
1 0.26929530201342283 0.32066508313539194 0.04194630872483222 0.021377672209026127
1 0.33976510067114096 0.3182897862232779 0.04194630872483222 0.021377672209026127
1 0.6669463087248322 0.36995249406175773 0.07550335570469799 0.020190023752969122